true_value,optimal_value,episode_reward_mean,episode_reward_max,episode_reward_min,done,timesteps_total,episodes_total,training_iteration,experiment_id,date,timestamp,time_this_iter_s,time_total_s,pid,hostname,node_ip,time_since_restore,timesteps_since_restore,iterations_since_restore,trial_id
-692.1941528320312,62.068275451660156,-780.0740106756037,0.0,-1435.7752685546875,False,,,1,df56d049a1394f4ea8c390780f417f3f,2021-06-07_09-41-46,1623069706,7.3999950885772705,7.3999950885772705,11565,LOGGI004112,192.168.15.44,7.3999950885772705,0,1,67d8a_00038
-645.6339111328125,62.068275451660156,-710.5105547223773,0.0,-1435.7752685546875,False,,,2,df56d049a1394f4ea8c390780f417f3f,2021-06-07_09-41-47,1623069707,0.2424781322479248,7.642473220825195,11565,LOGGI004112,192.168.15.44,7.642473220825195,0,2,67d8a_00038
-613.95751953125,62.068275451660156,-674.4952737131426,0.0,-1435.7752685546875,False,,,3,df56d049a1394f4ea8c390780f417f3f,2021-06-07_09-41-47,1623069707,0.2259523868560791,7.868425607681274,11565,LOGGI004112,192.168.15.44,7.868425607681274,0,3,67d8a_00038
-592.2188110351562,62.068275451660156,-662.4815249559356,0.0,-1435.7752685546875,False,,,4,df56d049a1394f4ea8c390780f417f3f,2021-06-07_09-41-47,1623069707,0.22243785858154297,8.090863466262817,11565,LOGGI004112,192.168.15.44,8.090863466262817,0,4,67d8a_00038
-575.4868774414062,62.068275451660156,-648.9987924613205,0.0,-1435.7752685546875,False,,,5,df56d049a1394f4ea8c390780f417f3f,2021-06-07_09-41-47,1623069707,0.21863937377929688,8.309502840042114,11565,LOGGI004112,192.168.15.44,8.309502840042114,0,5,67d8a_00038
-560.8839111328125,62.068275451660156,-633.625970559042,0.0,-1435.7752685546875,False,,,6,df56d049a1394f4ea8c390780f417f3f,2021-06-07_09-41-48,1623069708,0.2839782238006592,8.593481063842773,11565,LOGGI004112,192.168.15.44,8.593481063842773,0,6,67d8a_00038
-549.0594482421875,62.068275451660156,-618.2043014311455,0.0,-1435.7752685546875,False,,,7,df56d049a1394f4ea8c390780f417f3f,2021-06-07_09-41-48,1623069708,0.24686598777770996,8.840347051620483,11565,LOGGI004112,192.168.15.44,8.840347051620483,0,7,67d8a_00038
-540.301025390625,62.068275451660156,-611.1362240638261,0.0,-1435.7752685546875,False,,,8,df56d049a1394f4ea8c390780f417f3f,2021-06-07_09-41-48,1623069708,0.2163691520690918,9.056716203689575,11565,LOGGI004112,192.168.15.44,9.056716203689575,0,8,67d8a_00038
-529.0026245117188,62.068275451660156,-605.7151385296833,0.0,-1435.7752685546875,False,,,9,df56d049a1394f4ea8c390780f417f3f,2021-06-07_09-41-48,1623069708,0.3351705074310303,9.391886711120605,11565,LOGGI004112,192.168.15.44,9.391886711120605,0,9,67d8a_00038
-521.27734375,62.068275451660156,-607.2831298828125,-257.9130554199219,-1435.7752685546875,False,,,10,df56d049a1394f4ea8c390780f417f3f,2021-06-07_09-41-49,1623069709,0.22348284721374512,9.61536955833435,11565,LOGGI004112,192.168.15.44,9.61536955833435,0,10,67d8a_00038
-512.7171630859375,62.068275451660156,-579.8924658203125,-257.9130554199219,-1035.884033203125,False,,,11,df56d049a1394f4ea8c390780f417f3f,2021-06-07_09-41-49,1623069709,0.23089861869812012,9.84626817703247,11565,LOGGI004112,192.168.15.44,9.84626817703247,0,11,67d8a_00038
-505.6299133300781,62.068275451660156,-571.5821170043945,-231.21694946289062,-1035.884033203125,False,,,12,df56d049a1394f4ea8c390780f417f3f,2021-06-07_09-41-49,1623069709,0.29024338722229004,10.13651156425476,11565,LOGGI004112,192.168.15.44,10.13651156425476,0,12,67d8a_00038
-499.39947509765625,62.068275451660156,-559.5234803771973,-231.21694946289062,-1035.884033203125,False,,,13,df56d049a1394f4ea8c390780f417f3f,2021-06-07_09-41-49,1623069709,0.22227001190185547,10.358781576156616,11565,LOGGI004112,192.168.15.44,10.358781576156616,0,13,67d8a_00038
-492.8882141113281,62.068275451660156,-544.0286137390136,-231.21694946289062,-1035.884033203125,False,,,14,df56d049a1394f4ea8c390780f417f3f,2021-06-07_09-41-50,1623069710,0.2203845977783203,10.579166173934937,11565,LOGGI004112,192.168.15.44,10.579166173934937,0,14,67d8a_00038
-488.1321105957031,62.068275451660156,-532.0942224121094,-155.1189727783203,-1113.9573974609375,False,,,15,df56d049a1394f4ea8c390780f417f3f,2021-06-07_09-41-50,1623069710,0.22035741806030273,10.79952359199524,11565,LOGGI004112,192.168.15.44,10.79952359199524,0,15,67d8a_00038
-482.4967956542969,62.068275451660156,-528.6117468261718,-155.1189727783203,-1113.9573974609375,False,,,16,df56d049a1394f4ea8c390780f417f3f,2021-06-07_09-41-50,1623069710,0.23551464080810547,11.035038232803345,11565,LOGGI004112,192.168.15.44,11.035038232803345,0,16,67d8a_00038
-476.4655456542969,62.068275451660156,-527.4448834228516,-155.1189727783203,-1113.9573974609375,False,,,17,df56d049a1394f4ea8c390780f417f3f,2021-06-07_09-41-50,1623069710,0.2324531078338623,11.267491340637207,11565,LOGGI004112,192.168.15.44,11.267491340637207,0,17,67d8a_00038
-471.17205810546875,62.068275451660156,-521.0061526489258,-155.1189727783203,-1113.9573974609375,False,,,18,df56d049a1394f4ea8c390780f417f3f,2021-06-07_09-41-51,1623069711,0.24297881126403809,11.510470151901245,11565,LOGGI004112,192.168.15.44,11.510470151901245,0,18,67d8a_00038
-466.2881164550781,62.068275451660156,-507.90801696777345,-155.1189727783203,-1113.9573974609375,False,,,19,df56d049a1394f4ea8c390780f417f3f,2021-06-07_09-41-51,1623069711,0.23047614097595215,11.740946292877197,11565,LOGGI004112,192.168.15.44,11.740946292877197,0,19,67d8a_00038
-460.630126953125,62.068275451660156,-505.58840728759765,-155.1189727783203,-1113.9573974609375,False,,,20,df56d049a1394f4ea8c390780f417f3f,2021-06-07_09-41-51,1623069711,0.31246089935302734,12.053407192230225,11565,LOGGI004112,192.168.15.44,12.053407192230225,0,20,67d8a_00038
-456.5730285644531,62.068275451660156,-492.5924014282227,-155.1189727783203,-1113.9573974609375,False,,,21,df56d049a1394f4ea8c390780f417f3f,2021-06-07_09-41-51,1623069711,0.28020596504211426,12.333613157272339,11565,LOGGI004112,192.168.15.44,12.333613157272339,0,21,67d8a_00038
-452.6868591308594,62.068275451660156,-483.07892547607423,-155.1189727783203,-1113.9573974609375,False,,,22,df56d049a1394f4ea8c390780f417f3f,2021-06-07_09-41-52,1623069712,0.3300597667694092,12.663672924041748,11565,LOGGI004112,192.168.15.44,12.663672924041748,0,22,67d8a_00038
-448.5080261230469,62.068275451660156,-472.9589878845215,-155.1189727783203,-1113.9573974609375,False,,,23,df56d049a1394f4ea8c390780f417f3f,2021-06-07_09-41-52,1623069712,0.3106038570404053,12.974276781082153,11565,LOGGI004112,192.168.15.44,12.974276781082153,0,23,67d8a_00038
-444.073486328125,62.068275451660156,-464.8773976135254,-155.1189727783203,-1113.9573974609375,False,,,24,df56d049a1394f4ea8c390780f417f3f,2021-06-07_09-41-52,1623069712,0.2396225929260254,13.213899374008179,11565,LOGGI004112,192.168.15.44,13.213899374008179,0,24,67d8a_00038
-439.7231140136719,62.068275451660156,-462.5725952148438,-213.0933837890625,-822.0048828125,False,,,25,df56d049a1394f4ea8c390780f417f3f,2021-06-07_09-41-53,1623069713,0.23479819297790527,13.448697566986084,11565,LOGGI004112,192.168.15.44,13.448697566986084,0,25,67d8a_00038
-435.5371398925781,62.068275451660156,-456.6258743286133,-213.0933837890625,-822.0048828125,False,,,26,df56d049a1394f4ea8c390780f417f3f,2021-06-07_09-41-53,1623069713,0.21983003616333008,13.668527603149414,11565,LOGGI004112,192.168.15.44,13.668527603149414,0,26,67d8a_00038
-431.85675048828125,62.068275451660156,-447.2981266784668,-192.8005828857422,-812.9701538085938,False,,,27,df56d049a1394f4ea8c390780f417f3f,2021-06-07_09-41-53,1623069713,0.19852614402770996,13.867053747177124,11565,LOGGI004112,192.168.15.44,13.867053747177124,0,27,67d8a_00038
-428.1976318359375,62.068275451660156,-438.89829360961915,-192.8005828857422,-812.9701538085938,False,,,28,df56d049a1394f4ea8c390780f417f3f,2021-06-07_09-41-53,1623069713,0.21621441841125488,14.083268165588379,11565,LOGGI004112,192.168.15.44,14.083268165588379,0,28,67d8a_00038
-424.6849365234375,62.068275451660156,-440.10139755249025,-192.8005828857422,-812.9701538085938,False,,,29,df56d049a1394f4ea8c390780f417f3f,2021-06-07_09-41-54,1623069714,0.22715067863464355,14.310418844223022,11565,LOGGI004112,192.168.15.44,14.310418844223022,0,29,67d8a_00038
-420.3822021484375,62.068275451660156,-427.4294050598144,-192.8005828857422,-787.072265625,False,,,30,df56d049a1394f4ea8c390780f417f3f,2021-06-07_09-41-54,1623069714,0.2081773281097412,14.518596172332764,11565,LOGGI004112,192.168.15.44,14.518596172332764,0,30,67d8a_00038
-416.3625183105469,62.068275451660156,-428.2588301086426,-192.8005828857422,-787.072265625,False,,,31,df56d049a1394f4ea8c390780f417f3f,2021-06-07_09-41-54,1623069714,0.2020735740661621,14.720669746398926,11565,LOGGI004112,192.168.15.44,14.720669746398926,0,31,67d8a_00038
-413.0560302734375,62.068275451660156,-420.14046920776366,-192.8005828857422,-787.072265625,False,,,32,df56d049a1394f4ea8c390780f417f3f,2021-06-07_09-41-54,1623069714,0.20097017288208008,14.921639919281006,11565,LOGGI004112,192.168.15.44,14.921639919281006,0,32,67d8a_00038
-409.9410705566406,62.068275451660156,-421.26386764526364,-192.8005828857422,-787.072265625,False,,,33,df56d049a1394f4ea8c390780f417f3f,2021-06-07_09-41-54,1623069714,0.19568419456481934,15.117324113845825,11565,LOGGI004112,192.168.15.44,15.117324113845825,0,33,67d8a_00038
-406.3081970214844,62.068275451660156,-424.42478591918945,-192.8005828857422,-787.072265625,False,,,34,df56d049a1394f4ea8c390780f417f3f,2021-06-07_09-41-55,1623069715,0.18175768852233887,15.299081802368164,11565,LOGGI004112,192.168.15.44,15.299081802368164,0,34,67d8a_00038
-403.3335876464844,62.068275451660156,-417.3099043273926,-192.8005828857422,-787.072265625,False,,,35,df56d049a1394f4ea8c390780f417f3f,2021-06-07_09-41-55,1623069715,0.18717360496520996,15.486255407333374,11565,LOGGI004112,192.168.15.44,15.486255407333374,0,35,67d8a_00038
-400.5077819824219,62.068275451660156,-407.5564079284668,-192.8005828857422,-718.1322021484375,False,,,36,df56d049a1394f4ea8c390780f417f3f,2021-06-07_09-41-55,1623069715,0.18536710739135742,15.671622514724731,11565,LOGGI004112,192.168.15.44,15.671622514724731,0,36,67d8a_00038
-397.25360107421875,62.068275451660156,-407.79303375244143,-235.51162719726562,-718.1322021484375,False,,,37,df56d049a1394f4ea8c390780f417f3f,2021-06-07_09-41-55,1623069715,0.18160176277160645,15.853224277496338,11565,LOGGI004112,192.168.15.44,15.853224277496338,0,37,67d8a_00038
-394.32623291015625,62.068275451660156,-403.3324363708496,-216.96470642089844,-718.1322021484375,False,,,38,df56d049a1394f4ea8c390780f417f3f,2021-06-07_09-41-55,1623069715,0.1843247413635254,16.037549018859863,11565,LOGGI004112,192.168.15.44,16.037549018859863,0,38,67d8a_00038
-391.2517395019531,62.068275451660156,-400.1707521057129,-216.96470642089844,-716.6094970703125,False,,,39,df56d049a1394f4ea8c390780f417f3f,2021-06-07_09-41-55,1623069715,0.19277191162109375,16.230320930480957,11565,LOGGI004112,192.168.15.44,16.230320930480957,0,39,67d8a_00038
-388.2442626953125,62.068275451660156,-400.21721969604494,-216.96470642089844,-640.3580932617188,False,,,40,df56d049a1394f4ea8c390780f417f3f,2021-06-07_09-41-56,1623069716,0.18822789192199707,16.418548822402954,11565,LOGGI004112,192.168.15.44,16.418548822402954,0,40,67d8a_00038
-385.4003601074219,62.068275451660156,-392.1309043884277,-216.96470642089844,-628.4359741210938,False,,,41,df56d049a1394f4ea8c390780f417f3f,2021-06-07_09-41-56,1623069716,0.18489933013916016,16.603448152542114,11565,LOGGI004112,192.168.15.44,16.603448152542114,0,41,67d8a_00038
-382.39373779296875,62.068275451660156,-392.3900886535645,-216.96470642089844,-628.4359741210938,False,,,42,df56d049a1394f4ea8c390780f417f3f,2021-06-07_09-41-56,1623069716,0.17795205116271973,16.781400203704834,11565,LOGGI004112,192.168.15.44,16.781400203704834,0,42,67d8a_00038
-379.5843811035156,62.068275451660156,-392.82091217041017,-201.2079315185547,-632.7620849609375,False,,,43,df56d049a1394f4ea8c390780f417f3f,2021-06-07_09-41-56,1623069716,0.18440032005310059,16.965800523757935,11565,LOGGI004112,192.168.15.44,16.965800523757935,0,43,67d8a_00038
-376.75762939453125,62.068275451660156,-387.84186309814453,-201.2079315185547,-632.7620849609375,False,,,44,df56d049a1394f4ea8c390780f417f3f,2021-06-07_09-41-56,1623069716,0.194183349609375,17.15998387336731,11565,LOGGI004112,192.168.15.44,17.15998387336731,0,44,67d8a_00038
-373.98834228515625,62.068275451660156,-388.1426808166504,-201.2079315185547,-632.7620849609375,False,,,45,df56d049a1394f4ea8c390780f417f3f,2021-06-07_09-41-57,1623069717,0.1926746368408203,17.35265851020813,11565,LOGGI004112,192.168.15.44,17.35265851020813,0,45,67d8a_00038
-371.40106201171875,62.068275451660156,-387.15570678710935,-191.51231384277344,-632.7620849609375,False,,,46,df56d049a1394f4ea8c390780f417f3f,2021-06-07_09-41-57,1623069717,0.21535706520080566,17.568015575408936,11565,LOGGI004112,192.168.15.44,17.568015575408936,0,46,67d8a_00038
-368.51019287109375,62.068275451660156,-383.34489700317386,-176.84596252441406,-681.2944946289062,False,,,47,df56d049a1394f4ea8c390780f417f3f,2021-06-07_09-41-57,1623069717,0.1876358985900879,17.755651473999023,11565,LOGGI004112,192.168.15.44,17.755651473999023,0,47,67d8a_00038
-365.5994873046875,62.068275451660156,-383.7806198120117,-176.84596252441406,-681.2944946289062,False,,,48,df56d049a1394f4ea8c390780f417f3f,2021-06-07_09-41-57,1623069717,0.1954646110534668,17.95111608505249,11565,LOGGI004112,192.168.15.44,17.95111608505249,0,48,67d8a_00038
-363.1684265136719,62.068275451660156,-377.576669921875,-176.84596252441406,-681.2944946289062,False,,,49,df56d049a1394f4ea8c390780f417f3f,2021-06-07_09-41-57,1623069717,0.19664311408996582,18.147759199142456,11565,LOGGI004112,192.168.15.44,18.147759199142456,0,49,67d8a_00038
-360.3858642578125,62.068275451660156,-372.08196212768553,-176.84596252441406,-681.2944946289062,False,,,50,df56d049a1394f4ea8c390780f417f3f,2021-06-07_09-41-58,1623069718,0.19185781478881836,18.339617013931274,11565,LOGGI004112,192.168.15.44,18.339617013931274,0,50,67d8a_00038
-357.9858703613281,62.068275451660156,-371.05626937866214,-176.84596252441406,-681.2944946289062,False,,,51,df56d049a1394f4ea8c390780f417f3f,2021-06-07_09-41-58,1623069718,0.20143842697143555,18.54105544090271,11565,LOGGI004112,192.168.15.44,18.54105544090271,0,51,67d8a_00038
-355.5421142578125,62.068275451660156,-370.2837315368652,-176.84596252441406,-681.2944946289062,False,,,52,df56d049a1394f4ea8c390780f417f3f,2021-06-07_09-41-58,1623069718,0.2138051986694336,18.754860639572144,11565,LOGGI004112,192.168.15.44,18.754860639572144,0,52,67d8a_00038
-352.8941955566406,62.068275451660156,-362.9466030883789,-176.84596252441406,-681.2944946289062,False,,,53,df56d049a1394f4ea8c390780f417f3f,2021-06-07_09-41-58,1623069718,0.16885042190551758,18.92371106147766,11565,LOGGI004112,192.168.15.44,18.92371106147766,0,53,67d8a_00038
-350.4249267578125,62.068275451660156,-363.3374903869629,-176.84596252441406,-681.2944946289062,False,,,54,df56d049a1394f4ea8c390780f417f3f,2021-06-07_09-41-58,1623069718,0.145399808883667,19.069110870361328,11565,LOGGI004112,192.168.15.44,19.069110870361328,0,54,67d8a_00038
-347.8255920410156,62.068275451660156,-355.86043380737306,-176.84596252441406,-681.2944946289062,False,,,55,df56d049a1394f4ea8c390780f417f3f,2021-06-07_09-41-59,1623069719,0.14415931701660156,19.21327018737793,11565,LOGGI004112,192.168.15.44,19.21327018737793,0,55,67d8a_00038
-345.1619567871094,62.068275451660156,-355.2852320861816,-176.84596252441406,-681.2944946289062,False,,,56,df56d049a1394f4ea8c390780f417f3f,2021-06-07_09-41-59,1623069719,0.15477347373962402,19.368043661117554,11565,LOGGI004112,192.168.15.44,19.368043661117554,0,56,67d8a_00038
-342.77294921875,62.068275451660156,-347.81003768920897,-187.21356201171875,-563.444091796875,False,,,57,df56d049a1394f4ea8c390780f417f3f,2021-06-07_09-41-59,1623069719,0.17502617835998535,19.54306983947754,11565,LOGGI004112,192.168.15.44,19.54306983947754,0,57,67d8a_00038
-340.3536682128906,62.068275451660156,-352.1477125549316,-187.21356201171875,-669.6505126953125,False,,,58,df56d049a1394f4ea8c390780f417f3f,2021-06-07_09-41-59,1623069719,0.21558737754821777,19.758657217025757,11565,LOGGI004112,192.168.15.44,19.758657217025757,0,58,67d8a_00038
-338.2731018066406,62.068275451660156,-345.5211375427246,-186.93844604492188,-669.6505126953125,False,,,59,df56d049a1394f4ea8c390780f417f3f,2021-06-07_09-41-59,1623069719,0.19284987449645996,19.951507091522217,11565,LOGGI004112,192.168.15.44,19.951507091522217,0,59,67d8a_00038
-336.0407409667969,62.068275451660156,-343.2252310180664,-145.94894409179688,-669.6505126953125,False,,,60,df56d049a1394f4ea8c390780f417f3f,2021-06-07_09-42-00,1623069720,0.20571160316467285,20.15721869468689,11565,LOGGI004112,192.168.15.44,20.15721869468689,0,60,67d8a_00038
-333.7534484863281,62.068275451660156,-339.1680471801758,-145.94894409179688,-669.6505126953125,False,,,61,df56d049a1394f4ea8c390780f417f3f,2021-06-07_09-42-00,1623069720,0.1828751564025879,20.340093851089478,11565,LOGGI004112,192.168.15.44,20.340093851089478,0,61,67d8a_00038
-331.6602783203125,62.068275451660156,-331.46549087524414,-145.94894409179688,-669.6505126953125,False,,,62,df56d049a1394f4ea8c390780f417f3f,2021-06-07_09-42-00,1623069720,0.1997547149658203,20.539848566055298,11565,LOGGI004112,192.168.15.44,20.539848566055298,0,62,67d8a_00038
-329.4064636230469,62.068275451660156,-336.6107066345215,-145.94894409179688,-669.6505126953125,False,,,63,df56d049a1394f4ea8c390780f417f3f,2021-06-07_09-42-00,1623069720,0.18140339851379395,20.721251964569092,11565,LOGGI004112,192.168.15.44,20.721251964569092,0,63,67d8a_00038
-327.44183349609375,62.068275451660156,-325.47251327514647,-145.94894409179688,-669.6505126953125,False,,,64,df56d049a1394f4ea8c390780f417f3f,2021-06-07_09-42-00,1623069720,0.18231678009033203,20.903568744659424,11565,LOGGI004112,192.168.15.44,20.903568744659424,0,64,67d8a_00038
-325.1366271972656,62.068275451660156,-330.2087680053711,-145.94894409179688,-669.6505126953125,False,,,65,df56d049a1394f4ea8c390780f417f3f,2021-06-07_09-42-01,1623069721,0.20291566848754883,21.106484413146973,11565,LOGGI004112,192.168.15.44,21.106484413146973,0,65,67d8a_00038
-322.91552734375,62.068275451660156,-332.15043838500975,-145.94894409179688,-669.6505126953125,False,,,66,df56d049a1394f4ea8c390780f417f3f,2021-06-07_09-42-01,1623069721,0.1765892505645752,21.283073663711548,11565,LOGGI004112,192.168.15.44,21.283073663711548,0,66,67d8a_00038
-320.7322692871094,62.068275451660156,-332.31303085327147,-145.94894409179688,-669.6505126953125,False,,,67,df56d049a1394f4ea8c390780f417f3f,2021-06-07_09-42-01,1623069721,0.17623496055603027,21.459308624267578,11565,LOGGI004112,192.168.15.44,21.459308624267578,0,67,67d8a_00038
-318.58209228515625,62.068275451660156,-325.6526094055176,-145.94894409179688,-633.7958984375,False,,,68,df56d049a1394f4ea8c390780f417f3f,2021-06-07_09-42-01,1623069721,0.20172452926635742,21.661033153533936,11565,LOGGI004112,192.168.15.44,21.661033153533936,0,68,67d8a_00038
-316.5829162597656,62.068275451660156,-327.5795541381836,-145.94894409179688,-633.7958984375,False,,,69,df56d049a1394f4ea8c390780f417f3f,2021-06-07_09-42-01,1623069721,0.18187999725341797,21.842913150787354,11565,LOGGI004112,192.168.15.44,21.842913150787354,0,69,67d8a_00038
-314.66595458984375,62.068275451660156,-326.8917741394043,-169.64096069335938,-633.7958984375,False,,,70,df56d049a1394f4ea8c390780f417f3f,2021-06-07_09-42-02,1623069722,0.18566107749938965,22.028574228286743,11565,LOGGI004112,192.168.15.44,22.028574228286743,0,70,67d8a_00038
-312.5982666015625,62.068275451660156,-325.97399185180666,-171.99490356445312,-633.7958984375,False,,,71,df56d049a1394f4ea8c390780f417f3f,2021-06-07_09-42-02,1623069722,0.19771265983581543,22.22628688812256,11565,LOGGI004112,192.168.15.44,22.22628688812256,0,71,67d8a_00038
-310.6012878417969,62.068275451660156,-325.0940737915039,-171.99490356445312,-633.7958984375,False,,,72,df56d049a1394f4ea8c390780f417f3f,2021-06-07_09-42-02,1623069722,0.1818537712097168,22.408140659332275,11565,LOGGI004112,192.168.15.44,22.408140659332275,0,72,67d8a_00038
-308.6393737792969,62.068275451660156,-317.6889990234375,-152.00311279296875,-633.7958984375,False,,,73,df56d049a1394f4ea8c390780f417f3f,2021-06-07_09-42-02,1623069722,0.19791293144226074,22.606053590774536,11565,LOGGI004112,192.168.15.44,22.606053590774536,0,73,67d8a_00038
-306.8001708984375,62.068275451660156,-321.1515693664551,-152.00311279296875,-633.7958984375,False,,,74,df56d049a1394f4ea8c390780f417f3f,2021-06-07_09-42-02,1623069722,0.1874229907989502,22.793476581573486,11565,LOGGI004112,192.168.15.44,22.793476581573486,0,74,67d8a_00038
-305.0227966308594,62.068275451660156,-318.01475540161135,-152.00311279296875,-633.7958984375,False,,,75,df56d049a1394f4ea8c390780f417f3f,2021-06-07_09-42-03,1623069723,0.19972991943359375,22.99320650100708,11565,LOGGI004112,192.168.15.44,22.99320650100708,0,75,67d8a_00038
-303.1201477050781,62.068275451660156,-312.1523054504394,-151.81405639648438,-539.3526611328125,False,,,76,df56d049a1394f4ea8c390780f417f3f,2021-06-07_09-42-03,1623069723,0.18540573120117188,23.178612232208252,11565,LOGGI004112,192.168.15.44,23.178612232208252,0,76,67d8a_00038
-301.0194091796875,62.068275451660156,-312.7485540771484,-151.81405639648438,-512.2359619140625,False,,,77,df56d049a1394f4ea8c390780f417f3f,2021-06-07_09-42-03,1623069723,0.18776559829711914,23.36637783050537,11565,LOGGI004112,192.168.15.44,23.36637783050537,0,77,67d8a_00038
-299.3247985839844,62.068275451660156,-300.5272932434082,-137.59288024902344,-512.2359619140625,False,,,78,df56d049a1394f4ea8c390780f417f3f,2021-06-07_09-42-03,1623069723,0.1947650909423828,23.561142921447754,11565,LOGGI004112,192.168.15.44,23.561142921447754,0,78,67d8a_00038
-297.5838928222656,62.068275451660156,-300.54655517578124,-137.59288024902344,-512.2359619140625,False,,,79,df56d049a1394f4ea8c390780f417f3f,2021-06-07_09-42-03,1623069723,0.2366335391998291,23.797776460647583,11565,LOGGI004112,192.168.15.44,23.797776460647583,0,79,67d8a_00038
-295.86859130859375,62.068275451660156,-299.70956893920896,-137.59288024902344,-512.2359619140625,False,,,80,df56d049a1394f4ea8c390780f417f3f,2021-06-07_09-42-04,1623069724,0.28696513175964355,24.084741592407227,11565,LOGGI004112,192.168.15.44,24.084741592407227,0,80,67d8a_00038
-294.02142333984375,62.068275451660156,-298.75571517944337,-137.59288024902344,-466.2408447265625,False,,,81,df56d049a1394f4ea8c390780f417f3f,2021-06-07_09-42-04,1623069724,0.3732445240020752,24.4579861164093,11565,LOGGI004112,192.168.15.44,24.4579861164093,0,81,67d8a_00038
-292.27069091796875,62.068275451660156,-297.6480822753906,-137.59288024902344,-463.3411560058594,False,,,82,df56d049a1394f4ea8c390780f417f3f,2021-06-07_09-42-04,1623069724,0.2472364902496338,24.705222606658936,11565,LOGGI004112,192.168.15.44,24.705222606658936,0,82,67d8a_00038
-290.5419616699219,62.068275451660156,-297.27077819824217,-137.59288024902344,-463.3411560058594,False,,,83,df56d049a1394f4ea8c390780f417f3f,2021-06-07_09-42-05,1623069725,0.22579431533813477,24.93101692199707,11565,LOGGI004112,192.168.15.44,24.93101692199707,0,83,67d8a_00038
-288.9132080078125,62.068275451660156,-293.51768310546873,-137.59288024902344,-463.3411560058594,False,,,84,df56d049a1394f4ea8c390780f417f3f,2021-06-07_09-42-05,1623069725,0.22680950164794922,25.15782642364502,11565,LOGGI004112,192.168.15.44,25.15782642364502,0,84,67d8a_00038
-287.2654113769531,62.068275451660156,-287.84744842529295,-137.59288024902344,-454.15435791015625,False,,,85,df56d049a1394f4ea8c390780f417f3f,2021-06-07_09-42-05,1623069725,0.19129490852355957,25.34912133216858,11565,LOGGI004112,192.168.15.44,25.34912133216858,0,85,67d8a_00038
-285.4754638671875,62.068275451660156,-284.77420272827146,-137.59288024902344,-464.8768615722656,False,,,86,df56d049a1394f4ea8c390780f417f3f,2021-06-07_09-42-05,1623069725,0.18927764892578125,25.53839898109436,11565,LOGGI004112,192.168.15.44,25.53839898109436,0,86,67d8a_00038
-283.80242919921875,62.068275451660156,-283.7799627685547,-137.59288024902344,-472.83477783203125,False,,,87,df56d049a1394f4ea8c390780f417f3f,2021-06-07_09-42-05,1623069725,0.17931103706359863,25.71771001815796,11565,LOGGI004112,192.168.15.44,25.71771001815796,0,87,67d8a_00038
-281.9850769042969,62.068275451660156,-296.9873686218262,-142.82595825195312,-579.2571411132812,False,,,88,df56d049a1394f4ea8c390780f417f3f,2021-06-07_09-42-06,1623069726,0.18540167808532715,25.903111696243286,11565,LOGGI004112,192.168.15.44,25.903111696243286,0,88,67d8a_00038
-280.48980712890625,62.068275451660156,-291.13710540771484,-142.82595825195312,-579.2571411132812,False,,,89,df56d049a1394f4ea8c390780f417f3f,2021-06-07_09-42-06,1623069726,0.18185973167419434,26.08497142791748,11565,LOGGI004112,192.168.15.44,26.08497142791748,0,89,67d8a_00038
-278.7712097167969,62.068275451660156,-291.4264991760254,-142.82595825195312,-579.2571411132812,False,,,90,df56d049a1394f4ea8c390780f417f3f,2021-06-07_09-42-06,1623069726,0.18691778182983398,26.271889209747314,11565,LOGGI004112,192.168.15.44,26.271889209747314,0,90,67d8a_00038
-277.0598449707031,62.068275451660156,-286.79767593383787,-144.93270874023438,-582.23388671875,False,,,91,df56d049a1394f4ea8c390780f417f3f,2021-06-07_09-42-06,1623069726,0.18397283554077148,26.455862045288086,11565,LOGGI004112,192.168.15.44,26.455862045288086,0,91,67d8a_00038
-275.4692077636719,62.068275451660156,-286.27513275146487,-144.93270874023438,-582.23388671875,False,,,92,df56d049a1394f4ea8c390780f417f3f,2021-06-07_09-42-06,1623069726,0.29544854164123535,26.75131058692932,11565,LOGGI004112,192.168.15.44,26.75131058692932,0,92,67d8a_00038
-274.0423278808594,62.068275451660156,-280.65048294067384,-130.9329071044922,-582.23388671875,False,,,93,df56d049a1394f4ea8c390780f417f3f,2021-06-07_09-42-07,1623069727,0.20692658424377441,26.958237171173096,11565,LOGGI004112,192.168.15.44,26.958237171173096,0,93,67d8a_00038
-272.6007385253906,62.068275451660156,-278.65990753173827,-130.9329071044922,-582.23388671875,False,,,94,df56d049a1394f4ea8c390780f417f3f,2021-06-07_09-42-07,1623069727,0.18427658081054688,27.142513751983643,11565,LOGGI004112,192.168.15.44,27.142513751983643,0,94,67d8a_00038
-271.0803527832031,62.068275451660156,-285.0017742919922,-130.9329071044922,-582.23388671875,False,,,95,df56d049a1394f4ea8c390780f417f3f,2021-06-07_09-42-07,1623069727,0.21695542335510254,27.359469175338745,11565,LOGGI004112,192.168.15.44,27.359469175338745,0,95,67d8a_00038
-269.6467590332031,62.068275451660156,-281.288942565918,-130.9329071044922,-582.23388671875,False,,,96,df56d049a1394f4ea8c390780f417f3f,2021-06-07_09-42-07,1623069727,0.23238658905029297,27.591855764389038,11565,LOGGI004112,192.168.15.44,27.591855764389038,0,96,67d8a_00038
-268.17657470703125,62.068275451660156,-277.6667230224609,-130.9329071044922,-582.23388671875,False,,,97,df56d049a1394f4ea8c390780f417f3f,2021-06-07_09-42-08,1623069728,0.2082064151763916,27.80006217956543,11565,LOGGI004112,192.168.15.44,27.80006217956543,0,97,67d8a_00038
-266.5909118652344,62.068275451660156,-265.91479652404786,-126.83611297607422,-582.23388671875,False,,,98,df56d049a1394f4ea8c390780f417f3f,2021-06-07_09-42-08,1623069728,0.18304872512817383,27.983110904693604,11565,LOGGI004112,192.168.15.44,27.983110904693604,0,98,67d8a_00038
-265.3101501464844,62.068275451660156,-267.9511837005615,-126.83611297607422,-582.23388671875,False,,,99,df56d049a1394f4ea8c390780f417f3f,2021-06-07_09-42-08,1623069728,0.18047213554382324,28.163583040237427,11565,LOGGI004112,192.168.15.44,28.163583040237427,0,99,67d8a_00038
-263.8533020019531,62.068275451660156,-264.83311424255373,-126.83611297607422,-582.23388671875,False,,,100,df56d049a1394f4ea8c390780f417f3f,2021-06-07_09-42-08,1623069728,0.18588876724243164,28.34947180747986,11565,LOGGI004112,192.168.15.44,28.34947180747986,0,100,67d8a_00038
-262.4371032714844,62.068275451660156,-265.0256647491455,-105.39556884765625,-534.2078857421875,False,,,101,df56d049a1394f4ea8c390780f417f3f,2021-06-07_09-42-08,1623069728,0.18203210830688477,28.531503915786743,11565,LOGGI004112,192.168.15.44,28.531503915786743,0,101,67d8a_00038
-261.0916748046875,62.068275451660156,-264.9129726409912,-105.39556884765625,-534.2078857421875,False,,,102,df56d049a1394f4ea8c390780f417f3f,2021-06-07_09-42-08,1623069728,0.19116997718811035,28.722673892974854,11565,LOGGI004112,192.168.15.44,28.722673892974854,0,102,67d8a_00038
-259.7223205566406,62.068275451660156,-266.3205892181397,-105.39556884765625,-534.2078857421875,False,,,103,df56d049a1394f4ea8c390780f417f3f,2021-06-07_09-42-09,1623069729,0.18447041511535645,28.90714430809021,11565,LOGGI004112,192.168.15.44,28.90714430809021,0,103,67d8a_00038
-258.4223937988281,62.068275451660156,-266.8721266937256,-105.39556884765625,-534.2078857421875,False,,,104,df56d049a1394f4ea8c390780f417f3f,2021-06-07_09-42-09,1623069729,0.19815444946289062,29.1052987575531,11565,LOGGI004112,192.168.15.44,29.1052987575531,0,104,67d8a_00038
-257.06097412109375,62.068275451660156,-260.6954012298584,-105.39556884765625,-539.2446899414062,False,,,105,df56d049a1394f4ea8c390780f417f3f,2021-06-07_09-42-09,1623069729,0.20186066627502441,29.307159423828125,11565,LOGGI004112,192.168.15.44,29.307159423828125,0,105,67d8a_00038
-255.78990173339844,62.068275451660156,-264.5626261138916,-105.39556884765625,-539.2446899414062,False,,,106,df56d049a1394f4ea8c390780f417f3f,2021-06-07_09-42-09,1623069729,0.2040867805480957,29.51124620437622,11565,LOGGI004112,192.168.15.44,29.51124620437622,0,106,67d8a_00038
-254.51138305664062,62.068275451660156,-262.1796312713623,-105.39556884765625,-539.2446899414062,False,,,107,df56d049a1394f4ea8c390780f417f3f,2021-06-07_09-42-10,1623069730,0.1942448616027832,29.705491065979004,11565,LOGGI004112,192.168.15.44,29.705491065979004,0,107,67d8a_00038
-253.24095153808594,62.068275451660156,-266.2554542541504,-105.39556884765625,-539.2446899414062,False,,,108,df56d049a1394f4ea8c390780f417f3f,2021-06-07_09-42-10,1623069730,0.2002396583557129,29.905730724334717,11565,LOGGI004112,192.168.15.44,29.905730724334717,0,108,67d8a_00038
-251.96546936035156,62.068275451660156,-260.5152221679688,-105.39556884765625,-539.2446899414062,False,,,109,df56d049a1394f4ea8c390780f417f3f,2021-06-07_09-42-10,1623069730,0.1964113712310791,30.102142095565796,11565,LOGGI004112,192.168.15.44,30.102142095565796,0,109,67d8a_00038
-250.64317321777344,62.068275451660156,-256.6040167236328,-105.39556884765625,-539.2446899414062,False,,,110,df56d049a1394f4ea8c390780f417f3f,2021-06-07_09-42-10,1623069730,0.19394803047180176,30.296090126037598,11565,LOGGI004112,192.168.15.44,30.296090126037598,0,110,67d8a_00038
-249.24522399902344,62.068275451660156,-259.5808241271973,-118.24955749511719,-539.2446899414062,False,,,111,df56d049a1394f4ea8c390780f417f3f,2021-06-07_09-42-10,1623069730,0.19163250923156738,30.487722635269165,11565,LOGGI004112,192.168.15.44,30.487722635269165,0,111,67d8a_00038
-248.0021209716797,62.068275451660156,-255.08057098388673,-112.23435974121094,-539.2446899414062,False,,,112,df56d049a1394f4ea8c390780f417f3f,2021-06-07_09-42-11,1623069731,0.1907346248626709,30.678457260131836,11565,LOGGI004112,192.168.15.44,30.678457260131836,0,112,67d8a_00038
-246.7650146484375,62.068275451660156,-258.8971415710449,-112.23435974121094,-539.2446899414062,False,,,113,df56d049a1394f4ea8c390780f417f3f,2021-06-07_09-42-11,1623069731,0.18247199058532715,30.860929250717163,11565,LOGGI004112,192.168.15.44,30.860929250717163,0,113,67d8a_00038
-245.5286865234375,62.068275451660156,-256.53570022583006,-112.23435974121094,-539.2446899414062,False,,,114,df56d049a1394f4ea8c390780f417f3f,2021-06-07_09-42-11,1623069731,0.18803906440734863,31.04896831512451,11565,LOGGI004112,192.168.15.44,31.04896831512451,0,114,67d8a_00038
-244.30838012695312,62.068275451660156,-255.7660334777832,-112.23435974121094,-498.079345703125,False,,,115,df56d049a1394f4ea8c390780f417f3f,2021-06-07_09-42-11,1623069731,0.18395638465881348,31.232924699783325,11565,LOGGI004112,192.168.15.44,31.232924699783325,0,115,67d8a_00038
-243.11700439453125,62.068275451660156,-255.48977020263672,-112.23435974121094,-498.079345703125,False,,,116,df56d049a1394f4ea8c390780f417f3f,2021-06-07_09-42-11,1623069731,0.19220185279846191,31.425126552581787,11565,LOGGI004112,192.168.15.44,31.425126552581787,0,116,67d8a_00038
-241.9815216064453,62.068275451660156,-255.70173233032227,-112.23435974121094,-498.079345703125,False,,,117,df56d049a1394f4ea8c390780f417f3f,2021-06-07_09-42-12,1623069732,0.18361902236938477,31.608745574951172,11565,LOGGI004112,192.168.15.44,31.608745574951172,0,117,67d8a_00038
-240.80775451660156,62.068275451660156,-251.33354225158692,-112.23435974121094,-498.079345703125,False,,,118,df56d049a1394f4ea8c390780f417f3f,2021-06-07_09-42-12,1623069732,0.1950986385345459,31.803844213485718,11565,LOGGI004112,192.168.15.44,31.803844213485718,0,118,67d8a_00038
-239.6774139404297,62.068275451660156,-255.88027381896973,-112.23435974121094,-498.079345703125,False,,,119,df56d049a1394f4ea8c390780f417f3f,2021-06-07_09-42-12,1623069732,0.2079486846923828,32.0117928981781,11565,LOGGI004112,192.168.15.44,32.0117928981781,0,119,67d8a_00038
-238.52383422851562,62.068275451660156,-257.1823249816895,-112.23435974121094,-498.079345703125,False,,,120,df56d049a1394f4ea8c390780f417f3f,2021-06-07_09-42-12,1623069732,0.18937158584594727,32.20116448402405,11565,LOGGI004112,192.168.15.44,32.20116448402405,0,120,67d8a_00038
-237.38983154296875,62.068275451660156,-252.54044082641602,-112.23435974121094,-480.1614990234375,False,,,121,df56d049a1394f4ea8c390780f417f3f,2021-06-07_09-42-12,1623069732,0.2549166679382324,32.45608115196228,11565,LOGGI004112,192.168.15.44,32.45608115196228,0,121,67d8a_00038
-236.2594757080078,62.068275451660156,-253.13988357543946,-119.01575469970703,-480.1614990234375,False,,,122,df56d049a1394f4ea8c390780f417f3f,2021-06-07_09-42-13,1623069733,0.21632838249206543,32.672409534454346,11565,LOGGI004112,192.168.15.44,32.672409534454346,0,122,67d8a_00038
-235.08291625976562,62.068275451660156,-248.8044400024414,-119.01575469970703,-377.6442565917969,False,,,123,df56d049a1394f4ea8c390780f417f3f,2021-06-07_09-42-13,1623069733,0.15573477745056152,32.82814431190491,11565,LOGGI004112,192.168.15.44,32.82814431190491,0,123,67d8a_00038
-233.90374755859375,62.068275451660156,-248.9793214416504,-119.01575469970703,-415.07183837890625,False,,,124,df56d049a1394f4ea8c390780f417f3f,2021-06-07_09-42-13,1623069733,0.1873917579650879,33.015536069869995,11565,LOGGI004112,192.168.15.44,33.015536069869995,0,124,67d8a_00038
-232.70083618164062,62.068275451660156,-248.02205688476562,-119.01575469970703,-415.07183837890625,False,,,125,df56d049a1394f4ea8c390780f417f3f,2021-06-07_09-42-13,1623069733,0.31701087951660156,33.3325469493866,11565,LOGGI004112,192.168.15.44,33.3325469493866,0,125,67d8a_00038
-231.57418823242188,62.068275451660156,-245.5844532775879,-119.01575469970703,-415.07183837890625,False,,,126,df56d049a1394f4ea8c390780f417f3f,2021-06-07_09-42-14,1623069734,0.24276399612426758,33.575310945510864,11565,LOGGI004112,192.168.15.44,33.575310945510864,0,126,67d8a_00038
-230.4611358642578,62.068275451660156,-242.65021469116212,-119.01575469970703,-415.07183837890625,False,,,127,df56d049a1394f4ea8c390780f417f3f,2021-06-07_09-42-14,1623069734,0.22479629516601562,33.80010724067688,11565,LOGGI004112,192.168.15.44,33.80010724067688,0,127,67d8a_00038
-229.32899475097656,62.068275451660156,-241.0620938873291,-119.01575469970703,-415.07183837890625,False,,,128,df56d049a1394f4ea8c390780f417f3f,2021-06-07_09-42-14,1623069734,0.24132513999938965,34.04143238067627,11565,LOGGI004112,192.168.15.44,34.04143238067627,0,128,67d8a_00038
-228.2752685546875,62.068275451660156,-238.49625465393066,-119.01575469970703,-415.07183837890625,False,,,129,df56d049a1394f4ea8c390780f417f3f,2021-06-07_09-42-14,1623069734,0.24222922325134277,34.28366160392761,11565,LOGGI004112,192.168.15.44,34.28366160392761,0,129,67d8a_00038
-227.19757080078125,62.068275451660156,-232.78231338500976,-122.41294860839844,-415.07183837890625,False,,,130,df56d049a1394f4ea8c390780f417f3f,2021-06-07_09-42-15,1623069735,0.2354567050933838,34.519118309020996,11565,LOGGI004112,192.168.15.44,34.519118309020996,0,130,67d8a_00038
-226.127685546875,62.068275451660156,-229.4760057067871,-122.41294860839844,-415.07183837890625,False,,,131,df56d049a1394f4ea8c390780f417f3f,2021-06-07_09-42-15,1623069735,0.22716808319091797,34.746286392211914,11565,LOGGI004112,192.168.15.44,34.746286392211914,0,131,67d8a_00038
-225.16278076171875,62.068275451660156,-227.78216537475586,-122.41294860839844,-415.07183837890625,False,,,132,df56d049a1394f4ea8c390780f417f3f,2021-06-07_09-42-15,1623069735,0.22641324996948242,34.9726996421814,11565,LOGGI004112,192.168.15.44,34.9726996421814,0,132,67d8a_00038
-224.15231323242188,62.068275451660156,-224.8379086303711,-100.74125671386719,-415.07183837890625,False,,,133,df56d049a1394f4ea8c390780f417f3f,2021-06-07_09-42-15,1623069735,0.23189949989318848,35.204599142074585,11565,LOGGI004112,192.168.15.44,35.204599142074585,0,133,67d8a_00038
-222.99476623535156,62.068275451660156,-224.8177963256836,-100.74125671386719,-402.03131103515625,False,,,134,df56d049a1394f4ea8c390780f417f3f,2021-06-07_09-42-15,1623069735,0.2269420623779297,35.431541204452515,11565,LOGGI004112,192.168.15.44,35.431541204452515,0,134,67d8a_00038
-221.98443603515625,62.068275451660156,-220.78129821777344,-100.74125671386719,-387.775634765625,False,,,135,df56d049a1394f4ea8c390780f417f3f,2021-06-07_09-42-16,1623069736,0.36754846572875977,35.799089670181274,11565,LOGGI004112,192.168.15.44,35.799089670181274,0,135,67d8a_00038
-220.95211791992188,62.068275451660156,-220.04483795166016,-100.74125671386719,-476.5978698730469,False,,,136,df56d049a1394f4ea8c390780f417f3f,2021-06-07_09-42-16,1623069736,0.2244126796722412,36.023502349853516,11565,LOGGI004112,192.168.15.44,36.023502349853516,0,136,67d8a_00038
-219.93283081054688,62.068275451660156,-217.3521469116211,-100.74125671386719,-476.5978698730469,False,,,137,df56d049a1394f4ea8c390780f417f3f,2021-06-07_09-42-16,1623069736,0.31630635261535645,36.33980870246887,11565,LOGGI004112,192.168.15.44,36.33980870246887,0,137,67d8a_00038
-218.96249389648438,62.068275451660156,-220.16520629882814,-100.74125671386719,-476.5978698730469,False,,,138,df56d049a1394f4ea8c390780f417f3f,2021-06-07_09-42-17,1623069737,0.33604884147644043,36.67585754394531,11565,LOGGI004112,192.168.15.44,36.67585754394531,0,138,67d8a_00038
-217.87741088867188,62.068275451660156,-220.3871656036377,-100.74125671386719,-476.5978698730469,False,,,139,df56d049a1394f4ea8c390780f417f3f,2021-06-07_09-42-17,1623069737,0.22731995582580566,36.90317749977112,11565,LOGGI004112,192.168.15.44,36.90317749977112,0,139,67d8a_00038
-216.91905212402344,62.068275451660156,-220.90160102844237,-100.74125671386719,-476.5978698730469,False,,,140,df56d049a1394f4ea8c390780f417f3f,2021-06-07_09-42-17,1623069737,0.23398637771606445,37.13716387748718,11565,LOGGI004112,192.168.15.44,37.13716387748718,0,140,67d8a_00038
-216.08628845214844,62.068275451660156,-218.14301963806153,-100.74125671386719,-476.5978698730469,False,,,141,df56d049a1394f4ea8c390780f417f3f,2021-06-07_09-42-18,1623069738,0.24585723876953125,37.383021116256714,11565,LOGGI004112,192.168.15.44,37.383021116256714,0,141,67d8a_00038
-215.1776123046875,62.068275451660156,-218.60596229553224,-100.74125671386719,-476.5978698730469,False,,,142,df56d049a1394f4ea8c390780f417f3f,2021-06-07_09-42-18,1623069738,0.2502708435058594,37.63329195976257,11565,LOGGI004112,192.168.15.44,37.63329195976257,0,142,67d8a_00038
-214.23599243164062,62.068275451660156,-217.88276206970215,-110.13945007324219,-476.5978698730469,False,,,143,df56d049a1394f4ea8c390780f417f3f,2021-06-07_09-42-18,1623069738,0.2512822151184082,37.88457417488098,11565,LOGGI004112,192.168.15.44,37.88457417488098,0,143,67d8a_00038
-213.28482055664062,62.068275451660156,-214.2236240386963,-108.58309936523438,-476.5978698730469,False,,,144,df56d049a1394f4ea8c390780f417f3f,2021-06-07_09-42-18,1623069738,0.23986601829528809,38.12444019317627,11565,LOGGI004112,192.168.15.44,38.12444019317627,0,144,67d8a_00038
-212.3803253173828,62.068275451660156,-213.4767995452881,-108.58309936523438,-476.5978698730469,False,,,145,df56d049a1394f4ea8c390780f417f3f,2021-06-07_09-42-19,1623069739,0.24182438850402832,38.3662645816803,11565,LOGGI004112,192.168.15.44,38.3662645816803,0,145,67d8a_00038
-211.52099609375,62.068275451660156,-208.50642707824707,-108.58309936523438,-375.3722229003906,False,,,146,df56d049a1394f4ea8c390780f417f3f,2021-06-07_09-42-19,1623069739,0.2611880302429199,38.62745261192322,11565,LOGGI004112,192.168.15.44,38.62745261192322,0,146,67d8a_00038
-210.69796752929688,62.068275451660156,-210.73279258728027,-108.58309936523438,-375.3722229003906,False,,,147,df56d049a1394f4ea8c390780f417f3f,2021-06-07_09-42-19,1623069739,0.46572089195251465,39.09317350387573,11565,LOGGI004112,192.168.15.44,39.09317350387573,0,147,67d8a_00038
-209.7480010986328,62.068275451660156,-204.38717102050782,-91.3508071899414,-365.040283203125,False,,,148,df56d049a1394f4ea8c390780f417f3f,2021-06-07_09-42-20,1623069740,0.26340222358703613,39.35657572746277,11565,LOGGI004112,192.168.15.44,39.35657572746277,0,148,67d8a_00038
-208.6588592529297,62.068275451660156,-204.3683420562744,-91.3508071899414,-365.040283203125,False,,,149,df56d049a1394f4ea8c390780f417f3f,2021-06-07_09-42-20,1623069740,0.31577157974243164,39.6723473072052,11565,LOGGI004112,192.168.15.44,39.6723473072052,0,149,67d8a_00038
-207.7397003173828,62.068275451660156,-203.93859085083008,-91.3508071899414,-365.040283203125,False,,,150,df56d049a1394f4ea8c390780f417f3f,2021-06-07_09-42-20,1623069740,0.2405683994293213,39.91291570663452,11565,LOGGI004112,192.168.15.44,39.91291570663452,0,150,67d8a_00038
-206.80296325683594,62.068275451660156,-205.11943450927734,-91.3508071899414,-365.040283203125,False,,,151,df56d049a1394f4ea8c390780f417f3f,2021-06-07_09-42-20,1623069740,0.23793673515319824,40.15085244178772,11565,LOGGI004112,192.168.15.44,40.15085244178772,0,151,67d8a_00038
-205.94378662109375,62.068275451660156,-206.00304702758788,-91.3508071899414,-330.86260986328125,False,,,152,df56d049a1394f4ea8c390780f417f3f,2021-06-07_09-42-21,1623069741,0.2340221405029297,40.38487458229065,11565,LOGGI004112,192.168.15.44,40.38487458229065,0,152,67d8a_00038
-204.93101501464844,62.068275451660156,-205.500576171875,-91.3508071899414,-330.86260986328125,False,,,153,df56d049a1394f4ea8c390780f417f3f,2021-06-07_09-42-21,1623069741,0.2332148551940918,40.61808943748474,11565,LOGGI004112,192.168.15.44,40.61808943748474,0,153,67d8a_00038
-204.0801544189453,62.068275451660156,-204.94413444519043,-91.3508071899414,-330.86260986328125,False,,,154,df56d049a1394f4ea8c390780f417f3f,2021-06-07_09-42-21,1623069741,0.22869420051574707,40.84678363800049,11565,LOGGI004112,192.168.15.44,40.84678363800049,0,154,67d8a_00038
-203.2830047607422,62.068275451660156,-206.12445777893066,-91.3508071899414,-330.86260986328125,False,,,155,df56d049a1394f4ea8c390780f417f3f,2021-06-07_09-42-21,1623069741,0.21835637092590332,41.06514000892639,11565,LOGGI004112,192.168.15.44,41.06514000892639,0,155,67d8a_00038
-202.43014526367188,62.068275451660156,-209.36675666809083,-91.3508071899414,-350.2842102050781,False,,,156,df56d049a1394f4ea8c390780f417f3f,2021-06-07_09-42-22,1623069742,0.22765398025512695,41.29279398918152,11565,LOGGI004112,192.168.15.44,41.29279398918152,0,156,67d8a_00038
-201.53558349609375,62.068275451660156,-211.5604792022705,-91.3508071899414,-404.2897644042969,False,,,157,df56d049a1394f4ea8c390780f417f3f,2021-06-07_09-42-22,1623069742,0.3068222999572754,41.599616289138794,11565,LOGGI004112,192.168.15.44,41.599616289138794,0,157,67d8a_00038
-200.70443725585938,62.068275451660156,-213.2846292114258,-108.00261688232422,-404.2897644042969,False,,,158,df56d049a1394f4ea8c390780f417f3f,2021-06-07_09-42-22,1623069742,0.4016714096069336,42.00128769874573,11565,LOGGI004112,192.168.15.44,42.00128769874573,0,158,67d8a_00038
-199.76454162597656,62.068275451660156,-212.98256149291993,-108.00261688232422,-404.2897644042969,False,,,159,df56d049a1394f4ea8c390780f417f3f,2021-06-07_09-42-23,1623069743,0.31368160247802734,42.314969301223755,11565,LOGGI004112,192.168.15.44,42.314969301223755,0,159,67d8a_00038
-198.84979248046875,62.068275451660156,-213.62520301818847,-110.574462890625,-404.2897644042969,False,,,160,df56d049a1394f4ea8c390780f417f3f,2021-06-07_09-42-23,1623069743,0.2593400478363037,42.57430934906006,11565,LOGGI004112,192.168.15.44,42.57430934906006,0,160,67d8a_00038
-198.0476837158203,62.068275451660156,-211.99255332946777,-110.574462890625,-404.2897644042969,False,,,161,df56d049a1394f4ea8c390780f417f3f,2021-06-07_09-42-23,1623069743,0.23262596130371094,42.80693531036377,11565,LOGGI004112,192.168.15.44,42.80693531036377,0,161,67d8a_00038
-197.2926025390625,62.068275451660156,-206.2937466430664,-105.0294418334961,-404.2897644042969,False,,,162,df56d049a1394f4ea8c390780f417f3f,2021-06-07_09-42-23,1623069743,0.2200024127960205,43.02693772315979,11565,LOGGI004112,192.168.15.44,43.02693772315979,0,162,67d8a_00038
-196.5471954345703,62.068275451660156,-205.63645538330078,-88.79911804199219,-404.2897644042969,False,,,163,df56d049a1394f4ea8c390780f417f3f,2021-06-07_09-42-24,1623069744,0.22144079208374023,43.24837851524353,11565,LOGGI004112,192.168.15.44,43.24837851524353,0,163,67d8a_00038
-195.70968627929688,62.068275451660156,-204.63090606689454,-88.79911804199219,-404.2897644042969,False,,,164,df56d049a1394f4ea8c390780f417f3f,2021-06-07_09-42-24,1623069744,0.24458694458007812,43.49296545982361,11565,LOGGI004112,192.168.15.44,43.49296545982361,0,164,67d8a_00038
-194.90179443359375,62.068275451660156,-203.58322311401366,-81.003173828125,-404.2897644042969,False,,,165,df56d049a1394f4ea8c390780f417f3f,2021-06-07_09-42-24,1623069744,0.23380613327026367,43.72677159309387,11565,LOGGI004112,192.168.15.44,43.72677159309387,0,165,67d8a_00038
-194.11099243164062,62.068275451660156,-199.77157638549804,-81.003173828125,-404.2897644042969,False,,,166,df56d049a1394f4ea8c390780f417f3f,2021-06-07_09-42-24,1623069744,0.21724820137023926,43.94401979446411,11565,LOGGI004112,192.168.15.44,43.94401979446411,0,166,67d8a_00038
-193.38661193847656,62.068275451660156,-196.22790893554688,-81.003173828125,-340.8549499511719,False,,,167,df56d049a1394f4ea8c390780f417f3f,2021-06-07_09-42-25,1623069745,0.254866361618042,44.19888615608215,11565,LOGGI004112,192.168.15.44,44.19888615608215,0,167,67d8a_00038
-192.5140838623047,62.068275451660156,-198.92644500732422,-81.003173828125,-366.21160888671875,False,,,168,df56d049a1394f4ea8c390780f417f3f,2021-06-07_09-42-25,1623069745,0.23277807235717773,44.43166422843933,11565,LOGGI004112,192.168.15.44,44.43166422843933,0,168,67d8a_00038
-191.75132751464844,62.068275451660156,-193.63716346740722,-81.003173828125,-366.21160888671875,False,,,169,df56d049a1394f4ea8c390780f417f3f,2021-06-07_09-42-25,1623069745,0.23262906074523926,44.66429328918457,11565,LOGGI004112,192.168.15.44,44.66429328918457,0,169,67d8a_00038
-191.01504516601562,62.068275451660156,-188.98253562927246,-81.003173828125,-366.21160888671875,False,,,170,df56d049a1394f4ea8c390780f417f3f,2021-06-07_09-42-25,1623069745,0.17710638046264648,44.84139966964722,11565,LOGGI004112,192.168.15.44,44.84139966964722,0,170,67d8a_00038
-190.17031860351562,62.068275451660156,-191.0815793609619,-81.003173828125,-367.369140625,False,,,171,df56d049a1394f4ea8c390780f417f3f,2021-06-07_09-42-25,1623069745,0.1794142723083496,45.020813941955566,11565,LOGGI004112,192.168.15.44,45.020813941955566,0,171,67d8a_00038
-189.38345336914062,62.068275451660156,-192.7915884399414,-81.003173828125,-367.369140625,False,,,172,df56d049a1394f4ea8c390780f417f3f,2021-06-07_09-42-26,1623069746,0.320784330368042,45.34159827232361,11565,LOGGI004112,192.168.15.44,45.34159827232361,0,172,67d8a_00038
-188.654296875,62.068275451660156,-191.89379013061523,-81.003173828125,-367.369140625,False,,,173,df56d049a1394f4ea8c390780f417f3f,2021-06-07_09-42-26,1623069746,0.22346019744873047,45.56505846977234,11565,LOGGI004112,192.168.15.44,45.56505846977234,0,173,67d8a_00038
-187.90817260742188,62.068275451660156,-194.67708961486815,-81.003173828125,-367.369140625,False,,,174,df56d049a1394f4ea8c390780f417f3f,2021-06-07_09-42-26,1623069746,0.24492955207824707,45.809988021850586,11565,LOGGI004112,192.168.15.44,45.809988021850586,0,174,67d8a_00038
-187.19749450683594,62.068275451660156,-193.22682838439943,-94.67794799804688,-367.369140625,False,,,175,df56d049a1394f4ea8c390780f417f3f,2021-06-07_09-42-26,1623069746,0.23523616790771484,46.0452241897583,11565,LOGGI004112,192.168.15.44,46.0452241897583,0,175,67d8a_00038
-186.43548583984375,62.068275451660156,-196.90699699401856,-94.67794799804688,-478.955322265625,False,,,176,df56d049a1394f4ea8c390780f417f3f,2021-06-07_09-42-27,1623069747,0.23121190071105957,46.27643609046936,11565,LOGGI004112,192.168.15.44,46.27643609046936,0,176,67d8a_00038
-185.7020263671875,62.068275451660156,-196.13129692077638,-94.67794799804688,-478.955322265625,False,,,177,df56d049a1394f4ea8c390780f417f3f,2021-06-07_09-42-27,1623069747,0.2332596778869629,46.50969576835632,11565,LOGGI004112,192.168.15.44,46.50969576835632,0,177,67d8a_00038
-184.92697143554688,62.068275451660156,-192.81983184814453,-93.9949722290039,-478.955322265625,False,,,178,df56d049a1394f4ea8c390780f417f3f,2021-06-07_09-42-27,1623069747,0.24510979652404785,46.75480556488037,11565,LOGGI004112,192.168.15.44,46.75480556488037,0,178,67d8a_00038
-184.23150634765625,62.068275451660156,-195.54051002502442,-93.9949722290039,-478.955322265625,False,,,179,df56d049a1394f4ea8c390780f417f3f,2021-06-07_09-42-27,1623069747,0.22252774238586426,46.977333307266235,11565,LOGGI004112,192.168.15.44,46.977333307266235,0,179,67d8a_00038
-183.4880828857422,62.068275451660156,-197.21084938049316,-93.9949722290039,-478.955322265625,False,,,180,df56d049a1394f4ea8c390780f417f3f,2021-06-07_09-42-28,1623069748,0.23254060745239258,47.20987391471863,11565,LOGGI004112,192.168.15.44,47.20987391471863,0,180,67d8a_00038
-182.73797607421875,62.068275451660156,-193.9956608581543,-93.9949722290039,-478.955322265625,False,,,181,df56d049a1394f4ea8c390780f417f3f,2021-06-07_09-42-28,1623069748,0.21956586837768555,47.42943978309631,11565,LOGGI004112,192.168.15.44,47.42943978309631,0,181,67d8a_00038
-182.0399169921875,62.068275451660156,-194.34872077941895,-93.9949722290039,-478.955322265625,False,,,182,df56d049a1394f4ea8c390780f417f3f,2021-06-07_09-42-28,1623069748,0.23919963836669922,47.66863942146301,11565,LOGGI004112,192.168.15.44,47.66863942146301,0,182,67d8a_00038
-181.3682861328125,62.068275451660156,-191.1481845855713,-65.34056091308594,-478.955322265625,False,,,183,df56d049a1394f4ea8c390780f417f3f,2021-06-07_09-42-28,1623069748,0.2333531379699707,47.90199255943298,11565,LOGGI004112,192.168.15.44,47.90199255943298,0,183,67d8a_00038
-180.74179077148438,62.068275451660156,-189.00444984436035,-65.34056091308594,-478.955322265625,False,,,184,df56d049a1394f4ea8c390780f417f3f,2021-06-07_09-42-29,1623069749,0.2519845962524414,48.153977155685425,11565,LOGGI004112,192.168.15.44,48.153977155685425,0,184,67d8a_00038
-180.07374572753906,62.068275451660156,-187.42272163391112,-65.34056091308594,-478.955322265625,False,,,185,df56d049a1394f4ea8c390780f417f3f,2021-06-07_09-42-29,1623069749,0.2402019500732422,48.39417910575867,11565,LOGGI004112,192.168.15.44,48.39417910575867,0,185,67d8a_00038
-179.39959716796875,62.068275451660156,-182.36986549377443,-65.34056091308594,-289.4521789550781,False,,,186,df56d049a1394f4ea8c390780f417f3f,2021-06-07_09-42-29,1623069749,0.2419273853302002,48.63610649108887,11565,LOGGI004112,192.168.15.44,48.63610649108887,0,186,67d8a_00038
-178.72817993164062,62.068275451660156,-179.71678863525392,-65.34056091308594,-289.4521789550781,False,,,187,df56d049a1394f4ea8c390780f417f3f,2021-06-07_09-42-29,1623069749,0.2393357753753662,48.87544226646423,11565,LOGGI004112,192.168.15.44,48.87544226646423,0,187,67d8a_00038
-178.10968017578125,62.068275451660156,-177.6744864654541,-65.34056091308594,-289.4521789550781,False,,,188,df56d049a1394f4ea8c390780f417f3f,2021-06-07_09-42-30,1623069750,0.2322843074798584,49.10772657394409,11565,LOGGI004112,192.168.15.44,49.10772657394409,0,188,67d8a_00038
-177.45664978027344,62.068275451660156,-177.0231862640381,-65.34056091308594,-304.6439208984375,False,,,189,df56d049a1394f4ea8c390780f417f3f,2021-06-07_09-42-30,1623069750,0.23057079315185547,49.33829736709595,11565,LOGGI004112,192.168.15.44,49.33829736709595,0,189,67d8a_00038
-176.8246612548828,62.068275451660156,-177.37384521484375,-65.34056091308594,-321.1520690917969,False,,,190,df56d049a1394f4ea8c390780f417f3f,2021-06-07_09-42-30,1623069750,0.22823405265808105,49.56653141975403,11565,LOGGI004112,192.168.15.44,49.56653141975403,0,190,67d8a_00038
-176.14154052734375,62.068275451660156,-178.00487968444824,-65.34056091308594,-321.1520690917969,False,,,191,df56d049a1394f4ea8c390780f417f3f,2021-06-07_09-42-30,1623069750,0.20008444786071777,49.766615867614746,11565,LOGGI004112,192.168.15.44,49.766615867614746,0,191,67d8a_00038
-175.50088500976562,62.068275451660156,-177.2745803833008,-65.34056091308594,-321.1520690917969,False,,,192,df56d049a1394f4ea8c390780f417f3f,2021-06-07_09-42-31,1623069751,0.1843278408050537,49.9509437084198,11565,LOGGI004112,192.168.15.44,49.9509437084198,0,192,67d8a_00038
-174.90724182128906,62.068275451660156,-175.5352889251709,-85.80284118652344,-321.1520690917969,False,,,193,df56d049a1394f4ea8c390780f417f3f,2021-06-07_09-42-31,1623069751,0.2008805274963379,50.15182423591614,11565,LOGGI004112,192.168.15.44,50.15182423591614,0,193,67d8a_00038
-174.20977783203125,62.068275451660156,-175.3452855682373,-85.80284118652344,-321.1520690917969,False,,,194,df56d049a1394f4ea8c390780f417f3f,2021-06-07_09-42-31,1623069751,0.18570184707641602,50.337526082992554,11565,LOGGI004112,192.168.15.44,50.337526082992554,0,194,67d8a_00038
-173.5982208251953,62.068275451660156,-173.76636337280274,-85.80284118652344,-321.1520690917969,False,,,195,df56d049a1394f4ea8c390780f417f3f,2021-06-07_09-42-31,1623069751,0.19084882736206055,50.528374910354614,11565,LOGGI004112,192.168.15.44,50.528374910354614,0,195,67d8a_00038
-172.9692840576172,62.068275451660156,-172.73120376586914,-85.80284118652344,-321.1520690917969,False,,,196,df56d049a1394f4ea8c390780f417f3f,2021-06-07_09-42-31,1623069751,0.22245359420776367,50.75082850456238,11565,LOGGI004112,192.168.15.44,50.75082850456238,0,196,67d8a_00038
-172.36874389648438,62.068275451660156,-171.77544311523437,-86.19023895263672,-321.1520690917969,False,,,197,df56d049a1394f4ea8c390780f417f3f,2021-06-07_09-42-32,1623069752,0.23546910285949707,50.986297607421875,11565,LOGGI004112,192.168.15.44,50.986297607421875,0,197,67d8a_00038
-171.7513885498047,62.068275451660156,-169.7134203338623,-84.03727722167969,-321.1520690917969,False,,,198,df56d049a1394f4ea8c390780f417f3f,2021-06-07_09-42-32,1623069752,0.23857545852661133,51.224873065948486,11565,LOGGI004112,192.168.15.44,51.224873065948486,0,198,67d8a_00038
-171.09921264648438,62.068275451660156,-171.51458793640137,-84.03727722167969,-321.1520690917969,False,,,199,df56d049a1394f4ea8c390780f417f3f,2021-06-07_09-42-32,1623069752,0.23971891403198242,51.46459197998047,11565,LOGGI004112,192.168.15.44,51.46459197998047,0,199,67d8a_00038
-170.4871063232422,62.068275451660156,-171.4997880554199,-84.03727722167969,-301.1614074707031,False,,,200,df56d049a1394f4ea8c390780f417f3f,2021-06-07_09-42-32,1623069752,0.224778413772583,51.68937039375305,11565,LOGGI004112,192.168.15.44,51.68937039375305,0,200,67d8a_00038
-169.91184997558594,62.068275451660156,-170.35095878601075,-81.87000274658203,-301.1614074707031,False,,,201,df56d049a1394f4ea8c390780f417f3f,2021-06-07_09-42-33,1623069753,0.20471763610839844,51.89408802986145,11565,LOGGI004112,192.168.15.44,51.89408802986145,0,201,67d8a_00038
-169.35243225097656,62.068275451660156,-167.04000549316407,-81.87000274658203,-301.1614074707031,False,,,202,df56d049a1394f4ea8c390780f417f3f,2021-06-07_09-42-33,1623069753,0.20995759963989258,52.10404562950134,11565,LOGGI004112,192.168.15.44,52.10404562950134,0,202,67d8a_00038
-168.73001098632812,62.068275451660156,-171.42137825012207,-81.87000274658203,-301.1614074707031,False,,,203,df56d049a1394f4ea8c390780f417f3f,2021-06-07_09-42-33,1623069753,0.18117642402648926,52.28522205352783,11565,LOGGI004112,192.168.15.44,52.28522205352783,0,203,67d8a_00038
-168.17318725585938,62.068275451660156,-170.36288780212402,-81.87000274658203,-301.1614074707031,False,,,204,df56d049a1394f4ea8c390780f417f3f,2021-06-07_09-42-33,1623069753,0.18462276458740234,52.469844818115234,11565,LOGGI004112,192.168.15.44,52.469844818115234,0,204,67d8a_00038
-167.55145263671875,62.068275451660156,-171.64795196533203,-81.87000274658203,-301.1614074707031,False,,,205,df56d049a1394f4ea8c390780f417f3f,2021-06-07_09-42-33,1623069753,0.18332529067993164,52.653170108795166,11565,LOGGI004112,192.168.15.44,52.653170108795166,0,205,67d8a_00038
-166.9519805908203,62.068275451660156,-170.24755737304687,-81.87000274658203,-301.1614074707031,False,,,206,df56d049a1394f4ea8c390780f417f3f,2021-06-07_09-42-34,1623069754,0.19667387008666992,52.849843978881836,11565,LOGGI004112,192.168.15.44,52.849843978881836,0,206,67d8a_00038
-166.36538696289062,62.068275451660156,-170.44195137023925,-81.87000274658203,-301.1614074707031,False,,,207,df56d049a1394f4ea8c390780f417f3f,2021-06-07_09-42-34,1623069754,0.1939091682434082,53.043753147125244,11565,LOGGI004112,192.168.15.44,53.043753147125244,0,207,67d8a_00038
-165.84547424316406,62.068275451660156,-170.75087043762207,-81.87000274658203,-301.1614074707031,False,,,208,df56d049a1394f4ea8c390780f417f3f,2021-06-07_09-42-34,1623069754,0.18602967262268066,53.229782819747925,11565,LOGGI004112,192.168.15.44,53.229782819747925,0,208,67d8a_00038
-165.2425994873047,62.068275451660156,-168.7022403717041,-81.87000274658203,-294.35076904296875,False,,,209,df56d049a1394f4ea8c390780f417f3f,2021-06-07_09-42-34,1623069754,0.19467473030090332,53.42445755004883,11565,LOGGI004112,192.168.15.44,53.42445755004883,0,209,67d8a_00038
-164.62347412109375,62.068275451660156,-168.8761417388916,-81.614990234375,-332.91845703125,False,,,210,df56d049a1394f4ea8c390780f417f3f,2021-06-07_09-42-34,1623069754,0.19027209281921387,53.61472964286804,11565,LOGGI004112,192.168.15.44,53.61472964286804,0,210,67d8a_00038
-164.06666564941406,62.068275451660156,-167.65663314819335,-81.614990234375,-332.91845703125,False,,,211,df56d049a1394f4ea8c390780f417f3f,2021-06-07_09-42-35,1623069755,0.17566680908203125,53.79039645195007,11565,LOGGI004112,192.168.15.44,53.79039645195007,0,211,67d8a_00038
-163.52069091796875,62.068275451660156,-169.3675206756592,-81.614990234375,-332.91845703125,False,,,212,df56d049a1394f4ea8c390780f417f3f,2021-06-07_09-42-35,1623069755,0.18770360946655273,53.978100061416626,11565,LOGGI004112,192.168.15.44,53.978100061416626,0,212,67d8a_00038
-162.9254150390625,62.068275451660156,-169.3983430480957,-81.614990234375,-332.91845703125,False,,,213,df56d049a1394f4ea8c390780f417f3f,2021-06-07_09-42-35,1623069755,0.18289470672607422,54.1609947681427,11565,LOGGI004112,192.168.15.44,54.1609947681427,0,213,67d8a_00038
-162.37310791015625,62.068275451660156,-170.22042098999023,-81.614990234375,-332.91845703125,False,,,214,df56d049a1394f4ea8c390780f417f3f,2021-06-07_09-42-35,1623069755,0.1856377124786377,54.34663248062134,11565,LOGGI004112,192.168.15.44,54.34663248062134,0,214,67d8a_00038
-161.7984619140625,62.068275451660156,-172.16763809204102,-81.614990234375,-350.15032958984375,False,,,215,df56d049a1394f4ea8c390780f417f3f,2021-06-07_09-42-35,1623069755,0.1421811580657959,54.488813638687134,11565,LOGGI004112,192.168.15.44,54.488813638687134,0,215,67d8a_00038
-161.30702209472656,62.068275451660156,-170.54481994628907,-81.614990234375,-350.15032958984375,False,,,216,df56d049a1394f4ea8c390780f417f3f,2021-06-07_09-42-36,1623069756,0.24771571159362793,54.73652935028076,11565,LOGGI004112,192.168.15.44,54.73652935028076,0,216,67d8a_00038
-160.74200439453125,62.068275451660156,-171.0551612854004,-81.614990234375,-350.15032958984375,False,,,217,df56d049a1394f4ea8c390780f417f3f,2021-06-07_09-42-36,1623069756,0.19363093376159668,54.93016028404236,11565,LOGGI004112,192.168.15.44,54.93016028404236,0,217,67d8a_00038
-160.24325561523438,62.068275451660156,-168.6644059753418,-69.63201141357422,-350.15032958984375,False,,,218,df56d049a1394f4ea8c390780f417f3f,2021-06-07_09-42-36,1623069756,0.1775364875793457,55.107696771621704,11565,LOGGI004112,192.168.15.44,55.107696771621704,0,218,67d8a_00038
-159.71075439453125,62.068275451660156,-167.89601119995118,-69.63201141357422,-350.15032958984375,False,,,219,df56d049a1394f4ea8c390780f417f3f,2021-06-07_09-42-36,1623069756,0.17818069458007812,55.28587746620178,11565,LOGGI004112,192.168.15.44,55.28587746620178,0,219,67d8a_00038
-159.17518615722656,62.068275451660156,-166.03757873535156,-69.63201141357422,-350.15032958984375,False,,,220,df56d049a1394f4ea8c390780f417f3f,2021-06-07_09-42-36,1623069756,0.18664932250976562,55.47252678871155,11565,LOGGI004112,192.168.15.44,55.47252678871155,0,220,67d8a_00038
-158.6468048095703,62.068275451660156,-166.60038681030272,-69.63201141357422,-350.15032958984375,False,,,221,df56d049a1394f4ea8c390780f417f3f,2021-06-07_09-42-36,1623069756,0.18578696250915527,55.6583137512207,11565,LOGGI004112,192.168.15.44,55.6583137512207,0,221,67d8a_00038
-158.08123779296875,62.068275451660156,-171.4449185180664,-69.63201141357422,-350.15032958984375,False,,,222,df56d049a1394f4ea8c390780f417f3f,2021-06-07_09-42-37,1623069757,0.1995701789855957,55.8578839302063,11565,LOGGI004112,192.168.15.44,55.8578839302063,0,222,67d8a_00038
-157.5907440185547,62.068275451660156,-168.97076160430908,-52.688594818115234,-350.15032958984375,False,,,223,df56d049a1394f4ea8c390780f417f3f,2021-06-07_09-42-37,1623069757,0.18934321403503418,56.04722714424133,11565,LOGGI004112,192.168.15.44,56.04722714424133,0,223,67d8a_00038
-157.13580322265625,62.068275451660156,-165.03353366851806,-52.688594818115234,-350.15032958984375,False,,,224,df56d049a1394f4ea8c390780f417f3f,2021-06-07_09-42-37,1623069757,0.1877896785736084,56.23501682281494,11565,LOGGI004112,192.168.15.44,56.23501682281494,0,224,67d8a_00038
-156.55581665039062,62.068275451660156,-166.58246501922608,-52.688594818115234,-326.6478576660156,False,,,225,df56d049a1394f4ea8c390780f417f3f,2021-06-07_09-42-37,1623069757,0.1975107192993164,56.43252754211426,11565,LOGGI004112,192.168.15.44,56.43252754211426,0,225,67d8a_00038
-156.05152893066406,62.068275451660156,-169.16700061798096,-52.688594818115234,-326.6478576660156,False,,,226,df56d049a1394f4ea8c390780f417f3f,2021-06-07_09-42-37,1623069757,0.19239258766174316,56.624920129776,11565,LOGGI004112,192.168.15.44,56.624920129776,0,226,67d8a_00038
-155.5716552734375,62.068275451660156,-169.26719417572022,-52.688594818115234,-342.4541015625,False,,,227,df56d049a1394f4ea8c390780f417f3f,2021-06-07_09-42-38,1623069758,0.1876366138458252,56.812556743621826,11565,LOGGI004112,192.168.15.44,56.812556743621826,0,227,67d8a_00038
-155.05487060546875,62.068275451660156,-171.8735876083374,-52.688594818115234,-342.4541015625,False,,,228,df56d049a1394f4ea8c390780f417f3f,2021-06-07_09-42-38,1623069758,0.18942952156066895,57.001986265182495,11565,LOGGI004112,192.168.15.44,57.001986265182495,0,228,67d8a_00038
-154.5576629638672,62.068275451660156,-171.2805380630493,-52.688594818115234,-342.4541015625,False,,,229,df56d049a1394f4ea8c390780f417f3f,2021-06-07_09-42-38,1623069758,0.19290804862976074,57.194894313812256,11565,LOGGI004112,192.168.15.44,57.194894313812256,0,229,67d8a_00038
-154.10780334472656,62.068275451660156,-168.43700496673583,-52.688594818115234,-342.4541015625,False,,,230,df56d049a1394f4ea8c390780f417f3f,2021-06-07_09-42-38,1623069758,0.20923447608947754,57.40412878990173,11565,LOGGI004112,192.168.15.44,57.40412878990173,0,230,67d8a_00038
-153.63394165039062,62.068275451660156,-166.9308419418335,-52.688594818115234,-342.4541015625,False,,,231,df56d049a1394f4ea8c390780f417f3f,2021-06-07_09-42-38,1623069758,0.18056821823120117,57.584697008132935,11565,LOGGI004112,192.168.15.44,57.584697008132935,0,231,67d8a_00038
-153.13043212890625,62.068275451660156,-160.34690692901611,-52.688594818115234,-342.4541015625,False,,,232,df56d049a1394f4ea8c390780f417f3f,2021-06-07_09-42-39,1623069759,0.18395638465881348,57.76865339279175,11565,LOGGI004112,192.168.15.44,57.76865339279175,0,232,67d8a_00038
-152.6787872314453,62.068275451660156,-159.12616271972655,-75.26870727539062,-342.4541015625,False,,,233,df56d049a1394f4ea8c390780f417f3f,2021-06-07_09-42-39,1623069759,0.19578027725219727,57.964433670043945,11565,LOGGI004112,192.168.15.44,57.964433670043945,0,233,67d8a_00038
-152.23233032226562,62.068275451660156,-159.80524955749513,-75.26870727539062,-342.4541015625,False,,,234,df56d049a1394f4ea8c390780f417f3f,2021-06-07_09-42-39,1623069759,0.18034029006958008,58.144773960113525,11565,LOGGI004112,192.168.15.44,58.144773960113525,0,234,67d8a_00038
-151.765869140625,62.068275451660156,-154.3825311279297,-75.26870727539062,-342.4541015625,False,,,235,df56d049a1394f4ea8c390780f417f3f,2021-06-07_09-42-39,1623069759,0.20759820938110352,58.35237216949463,11565,LOGGI004112,192.168.15.44,58.35237216949463,0,235,67d8a_00038
-151.26356506347656,62.068275451660156,-155.03808845520018,-64.45858764648438,-342.4541015625,False,,,236,df56d049a1394f4ea8c390780f417f3f,2021-06-07_09-42-39,1623069759,0.1839580535888672,58.536330223083496,11565,LOGGI004112,192.168.15.44,58.536330223083496,0,236,67d8a_00038
-150.7740478515625,62.068275451660156,-157.25839035034178,-64.45858764648438,-315.3631286621094,False,,,237,df56d049a1394f4ea8c390780f417f3f,2021-06-07_09-42-40,1623069760,0.19183588027954102,58.72816610336304,11565,LOGGI004112,192.168.15.44,58.72816610336304,0,237,67d8a_00038
-150.3290557861328,62.068275451660156,-154.82591972351074,-64.45858764648438,-315.3631286621094,False,,,238,df56d049a1394f4ea8c390780f417f3f,2021-06-07_09-42-40,1623069760,0.19684982299804688,58.925015926361084,11565,LOGGI004112,192.168.15.44,58.925015926361084,0,238,67d8a_00038
-149.88174438476562,62.068275451660156,-149.67187522888185,-64.45858764648438,-315.3631286621094,False,,,239,df56d049a1394f4ea8c390780f417f3f,2021-06-07_09-42-40,1623069760,0.19587349891662598,59.12088942527771,11565,LOGGI004112,192.168.15.44,59.12088942527771,0,239,67d8a_00038
-149.46653747558594,62.068275451660156,-151.0592301940918,-64.45858764648438,-315.3631286621094,False,,,240,df56d049a1394f4ea8c390780f417f3f,2021-06-07_09-42-40,1623069760,0.19652557373046875,59.31741499900818,11565,LOGGI004112,192.168.15.44,59.31741499900818,0,240,67d8a_00038
-149.0373992919922,62.068275451660156,-150.27797271728517,-64.45858764648438,-315.3631286621094,False,,,241,df56d049a1394f4ea8c390780f417f3f,2021-06-07_09-42-40,1623069760,0.18052268028259277,59.49793767929077,11565,LOGGI004112,192.168.15.44,59.49793767929077,0,241,67d8a_00038
-148.57540893554688,62.068275451660156,-150.40777168273925,-64.45858764648438,-315.3631286621094,False,,,242,df56d049a1394f4ea8c390780f417f3f,2021-06-07_09-42-41,1623069761,0.18619847297668457,59.684136152267456,11565,LOGGI004112,192.168.15.44,59.684136152267456,0,242,67d8a_00038
-148.1516571044922,62.068275451660156,-149.76670043945313,-64.45858764648438,-315.3631286621094,False,,,243,df56d049a1394f4ea8c390780f417f3f,2021-06-07_09-42-41,1623069761,0.36754322052001953,60.051679372787476,11565,LOGGI004112,192.168.15.44,60.051679372787476,0,243,67d8a_00038
-147.69677734375,62.068275451660156,-149.41352111816406,-64.45858764648438,-315.3631286621094,False,,,244,df56d049a1394f4ea8c390780f417f3f,2021-06-07_09-42-41,1623069761,0.3391749858856201,60.390854358673096,11565,LOGGI004112,192.168.15.44,60.390854358673096,0,244,67d8a_00038
-147.24221801757812,62.068275451660156,-149.15295463562012,-64.45858764648438,-315.3631286621094,False,,,245,df56d049a1394f4ea8c390780f417f3f,2021-06-07_09-42-42,1623069762,0.18341636657714844,60.574270725250244,11565,LOGGI004112,192.168.15.44,60.574270725250244,0,245,67d8a_00038
-146.83372497558594,62.068275451660156,-146.1244037628174,-65.64556884765625,-337.409912109375,False,,,246,df56d049a1394f4ea8c390780f417f3f,2021-06-07_09-42-42,1623069762,0.2674579620361328,60.84172868728638,11565,LOGGI004112,192.168.15.44,60.84172868728638,0,246,67d8a_00038
-146.42926025390625,62.068275451660156,-141.48162937164307,-63.82742691040039,-337.409912109375,False,,,247,df56d049a1394f4ea8c390780f417f3f,2021-06-07_09-42-42,1623069762,0.24872946739196777,61.090458154678345,11565,LOGGI004112,192.168.15.44,61.090458154678345,0,247,67d8a_00038
-145.95907592773438,62.068275451660156,-142.89680965423585,-63.82742691040039,-337.409912109375,False,,,248,df56d049a1394f4ea8c390780f417f3f,2021-06-07_09-42-42,1623069762,0.1928577423095703,61.283315896987915,11565,LOGGI004112,192.168.15.44,61.283315896987915,0,248,67d8a_00038
-145.54185485839844,62.068275451660156,-144.31776050567626,-63.82742691040039,-337.409912109375,False,,,249,df56d049a1394f4ea8c390780f417f3f,2021-06-07_09-42-43,1623069763,0.20185518264770508,61.48517107963562,11565,LOGGI004112,192.168.15.44,61.48517107963562,0,249,67d8a_00038
-145.15684509277344,62.068275451660156,-140.78402256011964,-63.82742691040039,-337.409912109375,False,,,250,df56d049a1394f4ea8c390780f417f3f,2021-06-07_09-42-43,1623069763,0.19809508323669434,61.683266162872314,11565,LOGGI004112,192.168.15.44,61.683266162872314,0,250,67d8a_00038
-144.74305725097656,62.068275451660156,-140.28961364746092,-51.0942268371582,-337.409912109375,False,,,251,df56d049a1394f4ea8c390780f417f3f,2021-06-07_09-42-43,1623069763,0.20614004135131836,61.88940620422363,11565,LOGGI004112,192.168.15.44,61.88940620422363,0,251,67d8a_00038
-144.30360412597656,62.068275451660156,-140.4581462097168,-51.0942268371582,-337.409912109375,False,,,252,df56d049a1394f4ea8c390780f417f3f,2021-06-07_09-42-43,1623069763,0.192169189453125,62.08157539367676,11565,LOGGI004112,192.168.15.44,62.08157539367676,0,252,67d8a_00038
-143.88938903808594,62.068275451660156,-141.66233528137207,-51.0942268371582,-337.409912109375,False,,,253,df56d049a1394f4ea8c390780f417f3f,2021-06-07_09-42-43,1623069763,0.20103859901428223,62.28261399269104,11565,LOGGI004112,192.168.15.44,62.28261399269104,0,253,67d8a_00038
-143.47613525390625,62.068275451660156,-140.7444401550293,-51.0942268371582,-337.409912109375,False,,,254,df56d049a1394f4ea8c390780f417f3f,2021-06-07_09-42-44,1623069764,0.18866205215454102,62.47127604484558,11565,LOGGI004112,192.168.15.44,62.47127604484558,0,254,67d8a_00038
-143.06724548339844,62.068275451660156,-140.2006586456299,-51.0942268371582,-337.409912109375,False,,,255,df56d049a1394f4ea8c390780f417f3f,2021-06-07_09-42-44,1623069764,0.18853974342346191,62.65981578826904,11565,LOGGI004112,192.168.15.44,62.65981578826904,0,255,67d8a_00038
-142.69337463378906,62.068275451660156,-141.20916519165038,-51.0942268371582,-319.4319152832031,False,,,256,df56d049a1394f4ea8c390780f417f3f,2021-06-07_09-42-44,1623069764,0.18419504165649414,62.84401082992554,11565,LOGGI004112,192.168.15.44,62.84401082992554,0,256,67d8a_00038
-142.25184631347656,62.068275451660156,-143.48961292266847,-51.0942268371582,-319.4319152832031,False,,,257,df56d049a1394f4ea8c390780f417f3f,2021-06-07_09-42-44,1623069764,0.3123440742492676,63.156354904174805,11565,LOGGI004112,192.168.15.44,63.156354904174805,0,257,67d8a_00038
-141.85211181640625,62.068275451660156,-139.50778102874756,-51.0942268371582,-248.9161834716797,False,,,258,df56d049a1394f4ea8c390780f417f3f,2021-06-07_09-42-45,1623069765,0.41820693016052246,63.57456183433533,11565,LOGGI004112,192.168.15.44,63.57456183433533,0,258,67d8a_00038
-141.46163940429688,62.068275451660156,-140.41503406524657,-51.0942268371582,-248.9161834716797,False,,,259,df56d049a1394f4ea8c390780f417f3f,2021-06-07_09-42-45,1623069765,0.2751326560974121,63.84969449043274,11565,LOGGI004112,192.168.15.44,63.84969449043274,0,259,67d8a_00038
-141.07626342773438,62.068275451660156,-139.58674633026124,-51.0942268371582,-248.9161834716797,False,,,260,df56d049a1394f4ea8c390780f417f3f,2021-06-07_09-42-45,1623069765,0.24179887771606445,64.0914933681488,11565,LOGGI004112,192.168.15.44,64.0914933681488,0,260,67d8a_00038
-140.6273651123047,62.068275451660156,-142.29942626953124,-72.72843933105469,-304.4761047363281,False,,,261,df56d049a1394f4ea8c390780f417f3f,2021-06-07_09-42-46,1623069766,0.2066175937652588,64.29811096191406,11565,LOGGI004112,192.168.15.44,64.29811096191406,0,261,67d8a_00038
-140.20045471191406,62.068275451660156,-140.72743087768555,-72.72843933105469,-304.4761047363281,False,,,262,df56d049a1394f4ea8c390780f417f3f,2021-06-07_09-42-46,1623069766,0.21250081062316895,64.51061177253723,11565,LOGGI004112,192.168.15.44,64.51061177253723,0,262,67d8a_00038
-139.7833709716797,62.068275451660156,-141.3821935272217,-72.72843933105469,-304.4761047363281,False,,,263,df56d049a1394f4ea8c390780f417f3f,2021-06-07_09-42-46,1623069766,0.19391846656799316,64.70453023910522,11565,LOGGI004112,192.168.15.44,64.70453023910522,0,263,67d8a_00038
-139.40858459472656,62.068275451660156,-142.21011817932128,-73.77098083496094,-304.4761047363281,False,,,264,df56d049a1394f4ea8c390780f417f3f,2021-06-07_09-42-46,1623069766,0.18634724617004395,64.89087748527527,11565,LOGGI004112,192.168.15.44,64.89087748527527,0,264,67d8a_00038
-139.04074096679688,62.068275451660156,-142.06107719421388,-73.77098083496094,-304.4761047363281,False,,,265,df56d049a1394f4ea8c390780f417f3f,2021-06-07_09-42-46,1623069766,0.18919062614440918,65.08006811141968,11565,LOGGI004112,192.168.15.44,65.08006811141968,0,265,67d8a_00038
-138.67910766601562,62.068275451660156,-141.16226501464843,-73.77098083496094,-304.4761047363281,False,,,266,df56d049a1394f4ea8c390780f417f3f,2021-06-07_09-42-47,1623069767,0.20089411735534668,65.28096222877502,11565,LOGGI004112,192.168.15.44,65.28096222877502,0,266,67d8a_00038
-138.2672119140625,62.068275451660156,-140.31732917785644,-73.77098083496094,-304.4761047363281,False,,,267,df56d049a1394f4ea8c390780f417f3f,2021-06-07_09-42-47,1623069767,0.21435546875,65.49531769752502,11565,LOGGI004112,192.168.15.44,65.49531769752502,0,267,67d8a_00038
-137.8713836669922,62.068275451660156,-142.67796455383302,-73.77098083496094,-304.4761047363281,False,,,268,df56d049a1394f4ea8c390780f417f3f,2021-06-07_09-42-47,1623069767,0.2102210521697998,65.70553874969482,11565,LOGGI004112,192.168.15.44,65.70553874969482,0,268,67d8a_00038
-137.49244689941406,62.068275451660156,-140.64910064697267,-73.39837646484375,-304.4761047363281,False,,,269,df56d049a1394f4ea8c390780f417f3f,2021-06-07_09-42-47,1623069767,0.19011950492858887,65.89565825462341,11565,LOGGI004112,192.168.15.44,65.89565825462341,0,269,67d8a_00038
-137.1055908203125,62.068275451660156,-142.84522811889647,-73.39837646484375,-314.4583435058594,False,,,270,df56d049a1394f4ea8c390780f417f3f,2021-06-07_09-42-47,1623069767,0.1750926971435547,66.07075095176697,11565,LOGGI004112,192.168.15.44,66.07075095176697,0,270,67d8a_00038
-136.75628662109375,62.068275451660156,-139.79012268066407,-73.26673126220703,-314.4583435058594,False,,,271,df56d049a1394f4ea8c390780f417f3f,2021-06-07_09-42-48,1623069768,0.16745901107788086,66.23820996284485,11565,LOGGI004112,192.168.15.44,66.23820996284485,0,271,67d8a_00038
-136.38946533203125,62.068275451660156,-140.14643104553224,-73.26673126220703,-314.4583435058594,False,,,272,df56d049a1394f4ea8c390780f417f3f,2021-06-07_09-42-48,1623069768,0.20648717880249023,66.44469714164734,11565,LOGGI004112,192.168.15.44,66.44469714164734,0,272,67d8a_00038
-136.0440673828125,62.068275451660156,-138.40846717834472,-73.26673126220703,-314.4583435058594,False,,,273,df56d049a1394f4ea8c390780f417f3f,2021-06-07_09-42-48,1623069768,0.1951427459716797,66.63983988761902,11565,LOGGI004112,192.168.15.44,66.63983988761902,0,273,67d8a_00038
-135.67938232421875,62.068275451660156,-137.3434147644043,-73.26673126220703,-314.4583435058594,False,,,274,df56d049a1394f4ea8c390780f417f3f,2021-06-07_09-42-48,1623069768,0.1884925365447998,66.82833242416382,11565,LOGGI004112,192.168.15.44,66.82833242416382,0,274,67d8a_00038
-135.33631896972656,62.068275451660156,-138.0301512145996,-73.26673126220703,-314.4583435058594,False,,,275,df56d049a1394f4ea8c390780f417f3f,2021-06-07_09-42-48,1623069768,0.19669032096862793,67.02502274513245,11565,LOGGI004112,192.168.15.44,67.02502274513245,0,275,67d8a_00038
-134.99034118652344,62.068275451660156,-136.0739619064331,-57.96261215209961,-314.4583435058594,False,,,276,df56d049a1394f4ea8c390780f417f3f,2021-06-07_09-42-49,1623069769,0.19058752059936523,67.21561026573181,11565,LOGGI004112,192.168.15.44,67.21561026573181,0,276,67d8a_00038
-134.62554931640625,62.068275451660156,-132.3990092086792,-57.96261215209961,-314.4583435058594,False,,,277,df56d049a1394f4ea8c390780f417f3f,2021-06-07_09-42-49,1623069769,0.19253802299499512,67.4081482887268,11565,LOGGI004112,192.168.15.44,67.4081482887268,0,277,67d8a_00038
-134.25135803222656,62.068275451660156,-133.21470149993897,-57.96261215209961,-314.4583435058594,False,,,278,df56d049a1394f4ea8c390780f417f3f,2021-06-07_09-42-49,1623069769,0.18242835998535156,67.59057664871216,11565,LOGGI004112,192.168.15.44,67.59057664871216,0,278,67d8a_00038
-133.8982696533203,62.068275451660156,-132.35119525909423,-50.22399139404297,-314.4583435058594,False,,,279,df56d049a1394f4ea8c390780f417f3f,2021-06-07_09-42-49,1623069769,0.1817338466644287,67.77231049537659,11565,LOGGI004112,192.168.15.44,67.77231049537659,0,279,67d8a_00038
-133.5187530517578,62.068275451660156,-133.5235705947876,-50.22399139404297,-299.6555480957031,False,,,280,df56d049a1394f4ea8c390780f417f3f,2021-06-07_09-42-49,1623069769,0.1833477020263672,67.95565819740295,11565,LOGGI004112,192.168.15.44,67.95565819740295,0,280,67d8a_00038
-133.16693115234375,62.068275451660156,-133.9617671585083,-50.22399139404297,-299.6555480957031,False,,,281,df56d049a1394f4ea8c390780f417f3f,2021-06-07_09-42-50,1623069770,0.19144105911254883,68.1470992565155,11565,LOGGI004112,192.168.15.44,68.1470992565155,0,281,67d8a_00038
-132.86753845214844,62.068275451660156,-131.29854335784913,-49.10890197753906,-299.6555480957031,False,,,282,df56d049a1394f4ea8c390780f417f3f,2021-06-07_09-42-50,1623069770,0.18379473686218262,68.33089399337769,11565,LOGGI004112,192.168.15.44,68.33089399337769,0,282,67d8a_00038
-132.49317932128906,62.068275451660156,-131.30550922393797,-49.10890197753906,-299.6555480957031,False,,,283,df56d049a1394f4ea8c390780f417f3f,2021-06-07_09-42-50,1623069770,0.1815929412841797,68.51248693466187,11565,LOGGI004112,192.168.15.44,68.51248693466187,0,283,67d8a_00038
-132.15719604492188,62.068275451660156,-132.2097133255005,-49.10890197753906,-299.6555480957031,False,,,284,df56d049a1394f4ea8c390780f417f3f,2021-06-07_09-42-50,1623069770,0.1793355941772461,68.69182252883911,11565,LOGGI004112,192.168.15.44,68.69182252883911,0,284,67d8a_00038
-131.82754516601562,62.068275451660156,-130.43568096160888,-49.10890197753906,-225.3802947998047,False,,,285,df56d049a1394f4ea8c390780f417f3f,2021-06-07_09-42-50,1623069770,0.2059342861175537,68.89775681495667,11565,LOGGI004112,192.168.15.44,68.89775681495667,0,285,67d8a_00038
-131.4735565185547,62.068275451660156,-133.20134498596192,-49.10890197753906,-225.3802947998047,False,,,286,df56d049a1394f4ea8c390780f417f3f,2021-06-07_09-42-51,1623069771,0.20918893814086914,69.10694575309753,11565,LOGGI004112,192.168.15.44,69.10694575309753,0,286,67d8a_00038
-131.17710876464844,62.068275451660156,-132.49071800231934,-43.244712829589844,-225.3802947998047,False,,,287,df56d049a1394f4ea8c390780f417f3f,2021-06-07_09-42-51,1623069771,0.19055652618408203,69.29750227928162,11565,LOGGI004112,192.168.15.44,69.29750227928162,0,287,67d8a_00038
-130.81655883789062,62.068275451660156,-131.34220428466796,-43.244712829589844,-210.4685516357422,False,,,288,df56d049a1394f4ea8c390780f417f3f,2021-06-07_09-42-51,1623069771,0.19107460975646973,69.48857688903809,11565,LOGGI004112,192.168.15.44,69.48857688903809,0,288,67d8a_00038
-130.50604248046875,62.068275451660156,-130.03777847290038,-43.244712829589844,-232.330322265625,False,,,289,df56d049a1394f4ea8c390780f417f3f,2021-06-07_09-42-51,1623069771,0.3410484790802002,69.82962536811829,11565,LOGGI004112,192.168.15.44,69.82962536811829,0,289,67d8a_00038
-130.1534881591797,62.068275451660156,-127.70223098754883,-43.244712829589844,-274.2972106933594,False,,,290,df56d049a1394f4ea8c390780f417f3f,2021-06-07_09-42-52,1623069772,0.25255417823791504,70.0821795463562,11565,LOGGI004112,192.168.15.44,70.0821795463562,0,290,67d8a_00038
-129.84327697753906,62.068275451660156,-125.76546272277832,-43.244712829589844,-274.2972106933594,False,,,291,df56d049a1394f4ea8c390780f417f3f,2021-06-07_09-42-52,1623069772,0.19313526153564453,70.27531480789185,11565,LOGGI004112,192.168.15.44,70.27531480789185,0,291,67d8a_00038
-129.50172424316406,62.068275451660156,-128.78434425354004,-43.244712829589844,-274.2972106933594,False,,,292,df56d049a1394f4ea8c390780f417f3f,2021-06-07_09-42-52,1623069772,0.21563124656677246,70.49094605445862,11565,LOGGI004112,192.168.15.44,70.49094605445862,0,292,67d8a_00038
-129.1876220703125,62.068275451660156,-126.08886646270751,-43.244712829589844,-274.2972106933594,False,,,293,df56d049a1394f4ea8c390780f417f3f,2021-06-07_09-42-52,1623069772,0.21668529510498047,70.7076313495636,11565,LOGGI004112,192.168.15.44,70.7076313495636,0,293,67d8a_00038
-128.85850524902344,62.068275451660156,-124.56517421722413,-43.244712829589844,-274.2972106933594,False,,,294,df56d049a1394f4ea8c390780f417f3f,2021-06-07_09-42-52,1623069772,0.19203853607177734,70.89966988563538,11565,LOGGI004112,192.168.15.44,70.89966988563538,0,294,67d8a_00038
-128.56715393066406,62.068275451660156,-122.96832317352295,-43.244712829589844,-274.2972106933594,False,,,295,df56d049a1394f4ea8c390780f417f3f,2021-06-07_09-42-53,1623069773,0.19696903228759766,71.09663891792297,11565,LOGGI004112,192.168.15.44,71.09663891792297,0,295,67d8a_00038
-128.2578582763672,62.068275451660156,-121.72550247192383,-43.244712829589844,-274.2972106933594,False,,,296,df56d049a1394f4ea8c390780f417f3f,2021-06-07_09-42-53,1623069773,0.187882661819458,71.28452157974243,11565,LOGGI004112,192.168.15.44,71.28452157974243,0,296,67d8a_00038
-127.93247985839844,62.068275451660156,-124.84442733764648,-51.04984664916992,-309.6583251953125,False,,,297,df56d049a1394f4ea8c390780f417f3f,2021-06-07_09-42-53,1623069773,0.19249677658081055,71.47701835632324,11565,LOGGI004112,192.168.15.44,71.47701835632324,0,297,67d8a_00038
-127.61500549316406,62.068275451660156,-124.50195503234863,-51.04984664916992,-309.6583251953125,False,,,298,df56d049a1394f4ea8c390780f417f3f,2021-06-07_09-42-53,1623069773,0.20367908477783203,71.68069744110107,11565,LOGGI004112,192.168.15.44,71.68069744110107,0,298,67d8a_00038
-127.31290435791016,62.068275451660156,-125.00970100402832,-51.04984664916992,-309.6583251953125,False,,,299,df56d049a1394f4ea8c390780f417f3f,2021-06-07_09-42-54,1623069774,0.28496742248535156,71.96566486358643,11565,LOGGI004112,192.168.15.44,71.96566486358643,0,299,67d8a_00038
-127.00648498535156,62.068275451660156,-124.78610267639161,-51.04984664916992,-309.6583251953125,False,,,300,df56d049a1394f4ea8c390780f417f3f,2021-06-07_09-42-54,1623069774,0.39618849754333496,72.36185336112976,11565,LOGGI004112,192.168.15.44,72.36185336112976,0,300,67d8a_00038
-126.74047088623047,62.068275451660156,-123.43352867126465,-51.04984664916992,-309.6583251953125,False,,,301,df56d049a1394f4ea8c390780f417f3f,2021-06-07_09-42-54,1623069774,0.25508975982666016,72.61694312095642,11565,LOGGI004112,192.168.15.44,72.61694312095642,0,301,67d8a_00038
-126.393310546875,62.068275451660156,-122.64988876342774,-51.04984664916992,-309.6583251953125,False,,,302,df56d049a1394f4ea8c390780f417f3f,2021-06-07_09-42-54,1623069774,0.2739903926849365,72.89093351364136,11565,LOGGI004112,192.168.15.44,72.89093351364136,0,302,67d8a_00038
-126.10394287109375,62.068275451660156,-122.58495708465576,-54.03771209716797,-309.6583251953125,False,,,303,df56d049a1394f4ea8c390780f417f3f,2021-06-07_09-42-55,1623069775,0.23662805557250977,73.12756156921387,11565,LOGGI004112,192.168.15.44,73.12756156921387,0,303,67d8a_00038
-125.81413269042969,62.068275451660156,-124.14429584503173,-54.03771209716797,-309.6583251953125,False,,,304,df56d049a1394f4ea8c390780f417f3f,2021-06-07_09-42-55,1623069775,0.25540685653686523,73.38296842575073,11565,LOGGI004112,192.168.15.44,73.38296842575073,0,304,67d8a_00038
-125.5144271850586,62.068275451660156,-125.70748043060303,-54.03771209716797,-309.6583251953125,False,,,305,df56d049a1394f4ea8c390780f417f3f,2021-06-07_09-42-55,1623069775,0.23936128616333008,73.62232971191406,11565,LOGGI004112,192.168.15.44,73.62232971191406,0,305,67d8a_00038
-125.20965576171875,62.068275451660156,-125.1962387084961,-54.03771209716797,-309.6583251953125,False,,,306,df56d049a1394f4ea8c390780f417f3f,2021-06-07_09-42-55,1623069775,0.2336435317993164,73.85597324371338,11565,LOGGI004112,192.168.15.44,73.85597324371338,0,306,67d8a_00038
-124.94962310791016,62.068275451660156,-122.73400039672852,-54.03771209716797,-254.1317138671875,False,,,307,df56d049a1394f4ea8c390780f417f3f,2021-06-07_09-42-56,1623069776,0.2477436065673828,74.10371685028076,11565,LOGGI004112,192.168.15.44,74.10371685028076,0,307,67d8a_00038
-124.65907287597656,62.068275451660156,-120.71617042541504,-54.03771209716797,-254.1317138671875,False,,,308,df56d049a1394f4ea8c390780f417f3f,2021-06-07_09-42-56,1623069776,0.25665903091430664,74.36037588119507,11565,LOGGI004112,192.168.15.44,74.36037588119507,0,308,67d8a_00038
-124.34794616699219,62.068275451660156,-122.89459197998048,-54.03771209716797,-254.1317138671875,False,,,309,df56d049a1394f4ea8c390780f417f3f,2021-06-07_09-42-56,1623069776,0.2329399585723877,74.59331583976746,11565,LOGGI004112,192.168.15.44,74.59331583976746,0,309,67d8a_00038
-124.05143737792969,62.068275451660156,-124.9370069885254,-54.03771209716797,-254.1317138671875,False,,,310,df56d049a1394f4ea8c390780f417f3f,2021-06-07_09-42-56,1623069776,0.22192025184631348,74.81523609161377,11565,LOGGI004112,192.168.15.44,74.81523609161377,0,310,67d8a_00038
-123.76951599121094,62.068275451660156,-126.36085060119629,-61.608497619628906,-254.1317138671875,False,,,311,df56d049a1394f4ea8c390780f417f3f,2021-06-07_09-42-57,1623069777,0.22640681266784668,75.04164290428162,11565,LOGGI004112,192.168.15.44,75.04164290428162,0,311,67d8a_00038
-123.53099060058594,62.068275451660156,-123.83715419769287,-42.98480987548828,-254.1317138671875,False,,,312,df56d049a1394f4ea8c390780f417f3f,2021-06-07_09-42-57,1623069777,0.4400603771209717,75.48170328140259,11565,LOGGI004112,192.168.15.44,75.48170328140259,0,312,67d8a_00038
-123.25628662109375,62.068275451660156,-123.6001061630249,-42.98480987548828,-254.1317138671875,False,,,313,df56d049a1394f4ea8c390780f417f3f,2021-06-07_09-42-57,1623069777,0.25567054748535156,75.73737382888794,11565,LOGGI004112,192.168.15.44,75.73737382888794,0,313,67d8a_00038
-122.9686279296875,62.068275451660156,-121.17395919799804,-42.98480987548828,-254.1317138671875,False,,,314,df56d049a1394f4ea8c390780f417f3f,2021-06-07_09-42-58,1623069778,0.24623632431030273,75.98361015319824,11565,LOGGI004112,192.168.15.44,75.98361015319824,0,314,67d8a_00038
-122.6565170288086,62.068275451660156,-122.6877619934082,-42.98480987548828,-254.1317138671875,False,,,315,df56d049a1394f4ea8c390780f417f3f,2021-06-07_09-42-58,1623069778,0.2611050605773926,76.24471521377563,11565,LOGGI004112,192.168.15.44,76.24471521377563,0,315,67d8a_00038
-122.38154602050781,62.068275451660156,-121.89463150024415,-42.98480987548828,-252.38160705566406,False,,,316,df56d049a1394f4ea8c390780f417f3f,2021-06-07_09-42-58,1623069778,0.22510719299316406,76.4698224067688,11565,LOGGI004112,192.168.15.44,76.4698224067688,0,316,67d8a_00038
-122.10649871826172,62.068275451660156,-121.08280059814453,-42.98480987548828,-252.38160705566406,False,,,317,df56d049a1394f4ea8c390780f417f3f,2021-06-07_09-42-58,1623069778,0.25869107246398926,76.72851347923279,11565,LOGGI004112,192.168.15.44,76.72851347923279,0,317,67d8a_00038
-121.84918975830078,62.068275451660156,-120.71027053833008,-42.98480987548828,-252.38160705566406,False,,,318,df56d049a1394f4ea8c390780f417f3f,2021-06-07_09-42-59,1623069779,0.21228528022766113,76.94079875946045,11565,LOGGI004112,192.168.15.44,76.94079875946045,0,318,67d8a_00038
-121.61212158203125,62.068275451660156,-119.22967224121093,-42.98480987548828,-252.38160705566406,False,,,319,df56d049a1394f4ea8c390780f417f3f,2021-06-07_09-42-59,1623069779,0.22756481170654297,77.16836357116699,11565,LOGGI004112,192.168.15.44,77.16836357116699,0,319,67d8a_00038
-121.34613800048828,62.068275451660156,-117.03525917053223,-42.98480987548828,-252.38160705566406,False,,,320,df56d049a1394f4ea8c390780f417f3f,2021-06-07_09-42-59,1623069779,0.22184371948242188,77.39020729064941,11565,LOGGI004112,192.168.15.44,77.39020729064941,0,320,67d8a_00038
-121.07299041748047,62.068275451660156,-117.86875740051269,-42.98480987548828,-252.38160705566406,False,,,321,df56d049a1394f4ea8c390780f417f3f,2021-06-07_09-42-59,1623069779,0.24677777290344238,77.63698506355286,11565,LOGGI004112,192.168.15.44,77.63698506355286,0,321,67d8a_00038
-120.8229751586914,62.068275451660156,-117.85258934020996,-50.29570770263672,-252.38160705566406,False,,,322,df56d049a1394f4ea8c390780f417f3f,2021-06-07_09-43-00,1623069780,0.23902034759521484,77.87600541114807,11565,LOGGI004112,192.168.15.44,77.87600541114807,0,322,67d8a_00038
-120.57093048095703,62.068275451660156,-116.53702369689941,-50.29570770263672,-252.38160705566406,False,,,323,df56d049a1394f4ea8c390780f417f3f,2021-06-07_09-43-00,1623069780,0.3103606700897217,78.1863660812378,11565,LOGGI004112,192.168.15.44,78.1863660812378,0,323,67d8a_00038
-120.28589630126953,62.068275451660156,-119.47970775604249,-50.29570770263672,-252.38160705566406,False,,,324,df56d049a1394f4ea8c390780f417f3f,2021-06-07_09-43-00,1623069780,0.26602911949157715,78.45239520072937,11565,LOGGI004112,192.168.15.44,78.45239520072937,0,324,67d8a_00038
-120.05665588378906,62.068275451660156,-115.36346088409424,-50.29570770263672,-218.88287353515625,False,,,325,df56d049a1394f4ea8c390780f417f3f,2021-06-07_09-43-00,1623069780,0.23141860961914062,78.68381381034851,11565,LOGGI004112,192.168.15.44,78.68381381034851,0,325,67d8a_00038
-119.76942443847656,62.068275451660156,-115.75556858062744,-46.34571838378906,-263.8986511230469,False,,,326,df56d049a1394f4ea8c390780f417f3f,2021-06-07_09-43-01,1623069781,0.2495577335357666,78.93337154388428,11565,LOGGI004112,192.168.15.44,78.93337154388428,0,326,67d8a_00038
-119.50969696044922,62.068275451660156,-119.36144374847412,-46.34571838378906,-263.8986511230469,False,,,327,df56d049a1394f4ea8c390780f417f3f,2021-06-07_09-43-01,1623069781,0.25447750091552734,79.1878490447998,11565,LOGGI004112,192.168.15.44,79.1878490447998,0,327,67d8a_00038
-119.25045013427734,62.068275451660156,-120.92846172332764,-46.34571838378906,-263.8986511230469,False,,,328,df56d049a1394f4ea8c390780f417f3f,2021-06-07_09-43-01,1623069781,0.2392587661743164,79.42710781097412,11565,LOGGI004112,192.168.15.44,79.42710781097412,0,328,67d8a_00038
-118.98095703125,62.068275451660156,-120.07355007171631,-46.34571838378906,-263.8986511230469,False,,,329,df56d049a1394f4ea8c390780f417f3f,2021-06-07_09-43-01,1623069781,0.2369527816772461,79.66406059265137,11565,LOGGI004112,192.168.15.44,79.66406059265137,0,329,67d8a_00038
-118.70166778564453,62.068275451660156,-120.82659008026123,-46.34571838378906,-263.8986511230469,False,,,330,df56d049a1394f4ea8c390780f417f3f,2021-06-07_09-43-02,1623069782,0.21186256408691406,79.87592315673828,11565,LOGGI004112,192.168.15.44,79.87592315673828,0,330,67d8a_00038
-118.46636962890625,62.068275451660156,-119.2032345199585,-46.34571838378906,-263.8986511230469,False,,,331,df56d049a1394f4ea8c390780f417f3f,2021-06-07_09-43-02,1623069782,0.27407050132751465,80.1499936580658,11565,LOGGI004112,192.168.15.44,80.1499936580658,0,331,67d8a_00038
-118.20355987548828,62.068275451660156,-119.74865867614746,-46.34571838378906,-263.8986511230469,False,,,332,df56d049a1394f4ea8c390780f417f3f,2021-06-07_09-43-02,1623069782,0.24550509452819824,80.395498752594,11565,LOGGI004112,192.168.15.44,80.395498752594,0,332,67d8a_00038
-117.92218017578125,62.068275451660156,-123.21475448608399,-46.34571838378906,-263.8986511230469,False,,,333,df56d049a1394f4ea8c390780f417f3f,2021-06-07_09-43-03,1623069783,0.24927806854248047,80.64477682113647,11565,LOGGI004112,192.168.15.44,80.64477682113647,0,333,67d8a_00038
-117.67598724365234,62.068275451660156,-122.40576202392577,-46.34571838378906,-263.8986511230469,False,,,334,df56d049a1394f4ea8c390780f417f3f,2021-06-07_09-43-03,1623069783,0.24465560913085938,80.88943243026733,11565,LOGGI004112,192.168.15.44,80.88943243026733,0,334,67d8a_00038
-117.43168640136719,62.068275451660156,-123.70666542053223,-46.34571838378906,-263.8986511230469,False,,,335,df56d049a1394f4ea8c390780f417f3f,2021-06-07_09-43-03,1623069783,0.2855532169342041,81.17498564720154,11565,LOGGI004112,192.168.15.44,81.17498564720154,0,335,67d8a_00038
-117.16028594970703,62.068275451660156,-125.45379554748536,-56.218963623046875,-299.0646667480469,False,,,336,df56d049a1394f4ea8c390780f417f3f,2021-06-07_09-43-03,1623069783,0.32469987869262695,81.49968552589417,11565,LOGGI004112,192.168.15.44,81.49968552589417,0,336,67d8a_00038
-116.9084701538086,62.068275451660156,-121.37800987243652,-56.218963623046875,-299.0646667480469,False,,,337,df56d049a1394f4ea8c390780f417f3f,2021-06-07_09-43-04,1623069784,0.20721888542175293,81.70690441131592,11565,LOGGI004112,192.168.15.44,81.70690441131592,0,337,67d8a_00038
-116.67344665527344,62.068275451660156,-120.00543300628662,-56.218963623046875,-299.0646667480469,False,,,338,df56d049a1394f4ea8c390780f417f3f,2021-06-07_09-43-04,1623069784,0.22606754302978516,81.9329719543457,11565,LOGGI004112,192.168.15.44,81.9329719543457,0,338,67d8a_00038
-116.41675567626953,62.068275451660156,-121.53198917388916,-56.218963623046875,-299.0646667480469,False,,,339,df56d049a1394f4ea8c390780f417f3f,2021-06-07_09-43-04,1623069784,0.24663305282592773,82.17960500717163,11565,LOGGI004112,192.168.15.44,82.17960500717163,0,339,67d8a_00038
-116.15803527832031,62.068275451660156,-119.99728466033936,-56.218963623046875,-299.0646667480469,False,,,340,df56d049a1394f4ea8c390780f417f3f,2021-06-07_09-43-04,1623069784,0.2598257064819336,82.43943071365356,11565,LOGGI004112,192.168.15.44,82.43943071365356,0,340,67d8a_00038
-115.91268920898438,62.068275451660156,-121.53287662506104,-56.218963623046875,-299.0646667480469,False,,,341,df56d049a1394f4ea8c390780f417f3f,2021-06-07_09-43-05,1623069785,0.22447609901428223,82.66390681266785,11565,LOGGI004112,192.168.15.44,82.66390681266785,0,341,67d8a_00038
-115.68919372558594,62.068275451660156,-120.41436088562011,-57.80923080444336,-299.0646667480469,False,,,342,df56d049a1394f4ea8c390780f417f3f,2021-06-07_09-43-05,1623069785,0.22821617126464844,82.8921229839325,11565,LOGGI004112,192.168.15.44,82.8921229839325,0,342,67d8a_00038
-115.46693420410156,62.068275451660156,-117.53966522216797,-54.74041748046875,-299.0646667480469,False,,,343,df56d049a1394f4ea8c390780f417f3f,2021-06-07_09-43-05,1623069785,0.23400306701660156,83.1261260509491,11565,LOGGI004112,192.168.15.44,83.1261260509491,0,343,67d8a_00038
-115.24080657958984,62.068275451660156,-116.9463020324707,-54.74041748046875,-299.0646667480469,False,,,344,df56d049a1394f4ea8c390780f417f3f,2021-06-07_09-43-05,1623069785,0.235198974609375,83.36132502555847,11565,LOGGI004112,192.168.15.44,83.36132502555847,0,344,67d8a_00038
-115.00804138183594,62.068275451660156,-117.18427978515625,-54.74041748046875,-299.0646667480469,False,,,345,df56d049a1394f4ea8c390780f417f3f,2021-06-07_09-43-06,1623069786,0.23553133010864258,83.59685635566711,11565,LOGGI004112,192.168.15.44,83.59685635566711,0,345,67d8a_00038
-114.7536849975586,62.068275451660156,-113.89136177062989,-54.74041748046875,-216.7981414794922,False,,,346,df56d049a1394f4ea8c390780f417f3f,2021-06-07_09-43-06,1623069786,0.22586512565612793,83.82272148132324,11565,LOGGI004112,192.168.15.44,83.82272148132324,0,346,67d8a_00038
-114.52922058105469,62.068275451660156,-116.2914282989502,-54.74041748046875,-254.2131805419922,False,,,347,df56d049a1394f4ea8c390780f417f3f,2021-06-07_09-43-06,1623069786,0.23630237579345703,84.0590238571167,11565,LOGGI004112,192.168.15.44,84.0590238571167,0,347,67d8a_00038
-114.27091217041016,62.068275451660156,-116.7512017440796,-54.74041748046875,-254.2131805419922,False,,,348,df56d049a1394f4ea8c390780f417f3f,2021-06-07_09-43-06,1623069786,0.2940070629119873,84.35303092002869,11565,LOGGI004112,192.168.15.44,84.35303092002869,0,348,67d8a_00038
-114.05331420898438,62.068275451660156,-116.03355365753174,-54.74041748046875,-254.2131805419922,False,,,349,df56d049a1394f4ea8c390780f417f3f,2021-06-07_09-43-07,1623069787,0.2855257987976074,84.6385567188263,11565,LOGGI004112,192.168.15.44,84.6385567188263,0,349,67d8a_00038
-113.83662414550781,62.068275451660156,-114.5512046432495,-54.74041748046875,-254.2131805419922,False,,,350,df56d049a1394f4ea8c390780f417f3f,2021-06-07_09-43-07,1623069787,0.23852777481079102,84.87708449363708,11565,LOGGI004112,192.168.15.44,84.87708449363708,0,350,67d8a_00038
-113.62390899658203,62.068275451660156,-113.00093112945557,-54.74041748046875,-254.2131805419922,False,,,351,df56d049a1394f4ea8c390780f417f3f,2021-06-07_09-43-07,1623069787,0.2245197296142578,85.10160422325134,11565,LOGGI004112,192.168.15.44,85.10160422325134,0,351,67d8a_00038
-113.39176177978516,62.068275451660156,-115.17305393218994,-54.74041748046875,-254.2131805419922,False,,,352,df56d049a1394f4ea8c390780f417f3f,2021-06-07_09-43-07,1623069787,0.2385103702545166,85.34011459350586,11565,LOGGI004112,192.168.15.44,85.34011459350586,0,352,67d8a_00038
-113.19573974609375,62.068275451660156,-114.7005224609375,-45.49806213378906,-254.2131805419922,False,,,353,df56d049a1394f4ea8c390780f417f3f,2021-06-07_09-43-08,1623069788,0.2340230941772461,85.5741376876831,11565,LOGGI004112,192.168.15.44,85.5741376876831,0,353,67d8a_00038
-112.97958374023438,62.068275451660156,-114.01300910949708,-45.49806213378906,-254.2131805419922,False,,,354,df56d049a1394f4ea8c390780f417f3f,2021-06-07_09-43-08,1623069788,0.24518489837646484,85.81932258605957,11565,LOGGI004112,192.168.15.44,85.81932258605957,0,354,67d8a_00038
-112.7243881225586,62.068275451660156,-113.79661697387695,-45.49806213378906,-254.2131805419922,False,,,355,df56d049a1394f4ea8c390780f417f3f,2021-06-07_09-43-08,1623069788,0.24925971031188965,86.06858229637146,11565,LOGGI004112,192.168.15.44,86.06858229637146,0,355,67d8a_00038
-112.48536682128906,62.068275451660156,-116.24738082885742,-45.49806213378906,-254.2131805419922,False,,,356,df56d049a1394f4ea8c390780f417f3f,2021-06-07_09-43-08,1623069788,0.23476886749267578,86.30335116386414,11565,LOGGI004112,192.168.15.44,86.30335116386414,0,356,67d8a_00038
-112.27362060546875,62.068275451660156,-114.67035713195801,-45.49806213378906,-247.16232299804688,False,,,357,df56d049a1394f4ea8c390780f417f3f,2021-06-07_09-43-09,1623069789,0.27753400802612305,86.58088517189026,11565,LOGGI004112,192.168.15.44,86.58088517189026,0,357,67d8a_00038
-112.07746124267578,62.068275451660156,-113.96295425415039,-45.49806213378906,-247.16232299804688,False,,,358,df56d049a1394f4ea8c390780f417f3f,2021-06-07_09-43-09,1623069789,0.25449156761169434,86.83537673950195,11565,LOGGI004112,192.168.15.44,86.83537673950195,0,358,67d8a_00038
-111.86438751220703,62.068275451660156,-112.07220252990723,-45.49806213378906,-247.16232299804688,False,,,359,df56d049a1394f4ea8c390780f417f3f,2021-06-07_09-43-09,1623069789,0.22596287727355957,87.06133961677551,11565,LOGGI004112,192.168.15.44,87.06133961677551,0,359,67d8a_00038
-111.64114379882812,62.068275451660156,-113.02681129455567,-45.49806213378906,-247.16232299804688,False,,,360,df56d049a1394f4ea8c390780f417f3f,2021-06-07_09-43-10,1623069790,0.3425149917602539,87.40385460853577,11565,LOGGI004112,192.168.15.44,87.40385460853577,0,360,67d8a_00038
-111.40766906738281,62.068275451660156,-114.87407592773438,-45.49806213378906,-247.16232299804688,False,,,361,df56d049a1394f4ea8c390780f417f3f,2021-06-07_09-43-10,1623069790,0.41008782386779785,87.81394243240356,11565,LOGGI004112,192.168.15.44,87.81394243240356,0,361,67d8a_00038
-111.2056884765625,62.068275451660156,-112.73306972503661,-45.49806213378906,-247.16232299804688,False,,,362,df56d049a1394f4ea8c390780f417f3f,2021-06-07_09-43-10,1623069790,0.253267765045166,88.06721019744873,11565,LOGGI004112,192.168.15.44,88.06721019744873,0,362,67d8a_00038
-110.98564910888672,62.068275451660156,-114.83888359069825,-52.069313049316406,-247.16232299804688,False,,,363,df56d049a1394f4ea8c390780f417f3f,2021-06-07_09-43-10,1623069790,0.2797892093658447,88.34699940681458,11565,LOGGI004112,192.168.15.44,88.34699940681458,0,363,67d8a_00038
-110.77397155761719,62.068275451660156,-114.36473129272461,-52.069313049316406,-247.16232299804688,False,,,364,df56d049a1394f4ea8c390780f417f3f,2021-06-07_09-43-11,1623069791,0.2522568702697754,88.59925627708435,11565,LOGGI004112,192.168.15.44,88.59925627708435,0,364,67d8a_00038
-110.59578704833984,62.068275451660156,-113.51656219482422,-52.069313049316406,-247.16232299804688,False,,,365,df56d049a1394f4ea8c390780f417f3f,2021-06-07_09-43-11,1623069791,0.22434401512145996,88.82360029220581,11565,LOGGI004112,192.168.15.44,88.82360029220581,0,365,67d8a_00038
-110.38163757324219,62.068275451660156,-111.79172752380371,-52.069313049316406,-211.01170349121094,False,,,366,df56d049a1394f4ea8c390780f417f3f,2021-06-07_09-43-11,1623069791,0.19833135604858398,89.0219316482544,11565,LOGGI004112,192.168.15.44,89.0219316482544,0,366,67d8a_00038
-110.18756103515625,62.068275451660156,-110.11307258605957,-52.069313049316406,-211.01170349121094,False,,,367,df56d049a1394f4ea8c390780f417f3f,2021-06-07_09-43-11,1623069791,0.20306038856506348,89.22499203681946,11565,LOGGI004112,192.168.15.44,89.22499203681946,0,367,67d8a_00038
-110.00567626953125,62.068275451660156,-108.7099828338623,-52.2556037902832,-211.01170349121094,False,,,368,df56d049a1394f4ea8c390780f417f3f,2021-06-07_09-43-12,1623069792,0.1856703758239746,89.41066241264343,11565,LOGGI004112,192.168.15.44,89.41066241264343,0,368,67d8a_00038
-109.80972290039062,62.068275451660156,-109.30032554626465,-59.409454345703125,-212.13648986816406,False,,,369,df56d049a1394f4ea8c390780f417f3f,2021-06-07_09-43-12,1623069792,0.18172240257263184,89.59238481521606,11565,LOGGI004112,192.168.15.44,89.59238481521606,0,369,67d8a_00038
-109.61945343017578,62.068275451660156,-108.42996520996094,-59.409454345703125,-212.13648986816406,False,,,370,df56d049a1394f4ea8c390780f417f3f,2021-06-07_09-43-12,1623069792,0.23264336585998535,89.82502818107605,11565,LOGGI004112,192.168.15.44,89.82502818107605,0,370,67d8a_00038
-109.41310119628906,62.068275451660156,-106.5047158050537,-59.409454345703125,-212.13648986816406,False,,,371,df56d049a1394f4ea8c390780f417f3f,2021-06-07_09-43-12,1623069792,0.24269580841064453,90.0677239894867,11565,LOGGI004112,192.168.15.44,90.0677239894867,0,371,67d8a_00038
-109.25694274902344,62.068275451660156,-105.90967811584473,-59.409454345703125,-212.13648986816406,False,,,372,df56d049a1394f4ea8c390780f417f3f,2021-06-07_09-43-13,1623069793,0.2798497676849365,90.34757375717163,11565,LOGGI004112,192.168.15.44,90.34757375717163,0,372,67d8a_00038
-109.04368591308594,62.068275451660156,-106.08892532348632,-59.409454345703125,-288.02313232421875,False,,,373,df56d049a1394f4ea8c390780f417f3f,2021-06-07_09-43-13,1623069793,0.3192250728607178,90.66679883003235,11565,LOGGI004112,192.168.15.44,90.66679883003235,0,373,67d8a_00038
-108.85835266113281,62.068275451660156,-105.53896446228028,-59.409454345703125,-288.02313232421875,False,,,374,df56d049a1394f4ea8c390780f417f3f,2021-06-07_09-43-13,1623069793,0.253082275390625,90.91988110542297,11565,LOGGI004112,192.168.15.44,90.91988110542297,0,374,67d8a_00038
-108.63246154785156,62.068275451660156,-108.91456359863281,-59.409454345703125,-288.02313232421875,False,,,375,df56d049a1394f4ea8c390780f417f3f,2021-06-07_09-43-13,1623069793,0.23607754707336426,91.15595865249634,11565,LOGGI004112,192.168.15.44,91.15595865249634,0,375,67d8a_00038
-108.4402084350586,62.068275451660156,-108.34111156463624,-50.460269927978516,-288.02313232421875,False,,,376,df56d049a1394f4ea8c390780f417f3f,2021-06-07_09-43-14,1623069794,0.24439644813537598,91.40035510063171,11565,LOGGI004112,192.168.15.44,91.40035510063171,0,376,67d8a_00038
-108.24467468261719,62.068275451660156,-108.85518032073975,-50.460269927978516,-288.02313232421875,False,,,377,df56d049a1394f4ea8c390780f417f3f,2021-06-07_09-43-14,1623069794,0.24848341941833496,91.64883852005005,11565,LOGGI004112,192.168.15.44,91.64883852005005,0,377,67d8a_00038
-108.06281280517578,62.068275451660156,-108.47907737731934,-37.075035095214844,-288.02313232421875,False,,,378,df56d049a1394f4ea8c390780f417f3f,2021-06-07_09-43-14,1623069794,0.2298591136932373,91.87869763374329,11565,LOGGI004112,192.168.15.44,91.87869763374329,0,378,67d8a_00038
-107.84978485107422,62.068275451660156,-110.90554077148437,-37.075035095214844,-288.02313232421875,False,,,379,df56d049a1394f4ea8c390780f417f3f,2021-06-07_09-43-14,1623069794,0.23064851760864258,92.10934615135193,11565,LOGGI004112,192.168.15.44,92.10934615135193,0,379,67d8a_00038
-107.678466796875,62.068275451660156,-111.4476936340332,-37.075035095214844,-288.02313232421875,False,,,380,df56d049a1394f4ea8c390780f417f3f,2021-06-07_09-43-15,1623069795,0.2718052864074707,92.3811514377594,11565,LOGGI004112,192.168.15.44,92.3811514377594,0,380,67d8a_00038
-107.4881591796875,62.068275451660156,-111.84311870574952,-37.075035095214844,-288.02313232421875,False,,,381,df56d049a1394f4ea8c390780f417f3f,2021-06-07_09-43-15,1623069795,0.273773193359375,92.65492463111877,11565,LOGGI004112,192.168.15.44,92.65492463111877,0,381,67d8a_00038
-107.31382751464844,62.068275451660156,-112.50599155426025,-37.075035095214844,-288.02313232421875,False,,,382,df56d049a1394f4ea8c390780f417f3f,2021-06-07_09-43-15,1623069795,0.26825976371765137,92.92318439483643,11565,LOGGI004112,192.168.15.44,92.92318439483643,0,382,67d8a_00038
-107.12733459472656,62.068275451660156,-111.33252952575684,-37.075035095214844,-234.207763671875,False,,,383,df56d049a1394f4ea8c390780f417f3f,2021-06-07_09-43-16,1623069796,0.2838153839111328,93.20699977874756,11565,LOGGI004112,192.168.15.44,93.20699977874756,0,383,67d8a_00038
-106.9434814453125,62.068275451660156,-110.8887052154541,-37.075035095214844,-234.207763671875,False,,,384,df56d049a1394f4ea8c390780f417f3f,2021-06-07_09-43-16,1623069796,0.34753847122192383,93.55453824996948,11565,LOGGI004112,192.168.15.44,93.55453824996948,0,384,67d8a_00038
-106.77976989746094,62.068275451660156,-105.59502578735352,-37.075035095214844,-208.33302307128906,False,,,385,df56d049a1394f4ea8c390780f417f3f,2021-06-07_09-43-16,1623069796,0.1608724594116211,93.7154107093811,11565,LOGGI004112,192.168.15.44,93.7154107093811,0,385,67d8a_00038
-106.59458923339844,62.068275451660156,-104.76051654815674,-37.075035095214844,-208.33302307128906,False,,,386,df56d049a1394f4ea8c390780f417f3f,2021-06-07_09-43-16,1623069796,0.23293542861938477,93.94834613800049,11565,LOGGI004112,192.168.15.44,93.94834613800049,0,386,67d8a_00038
-106.415771484375,62.068275451660156,-106.2272864151001,-37.075035095214844,-208.33302307128906,False,,,387,df56d049a1394f4ea8c390780f417f3f,2021-06-07_09-43-17,1623069797,0.20438456535339355,94.15273070335388,11565,LOGGI004112,192.168.15.44,94.15273070335388,0,387,67d8a_00038
-106.23648834228516,62.068275451660156,-108.5187574005127,-50.46956253051758,-208.33302307128906,False,,,388,df56d049a1394f4ea8c390780f417f3f,2021-06-07_09-43-17,1623069797,0.18735313415527344,94.34008383750916,11565,LOGGI004112,192.168.15.44,94.34008383750916,0,388,67d8a_00038
-106.06354522705078,62.068275451660156,-105.8142654800415,-50.46956253051758,-208.33302307128906,False,,,389,df56d049a1394f4ea8c390780f417f3f,2021-06-07_09-43-17,1623069797,0.1972341537475586,94.53731799125671,11565,LOGGI004112,192.168.15.44,94.53731799125671,0,389,67d8a_00038
-105.87968444824219,62.068275451660156,-105.32428134918213,-50.46956253051758,-208.33302307128906,False,,,390,df56d049a1394f4ea8c390780f417f3f,2021-06-07_09-43-17,1623069797,0.1835017204284668,94.72081971168518,11565,LOGGI004112,192.168.15.44,94.72081971168518,0,390,67d8a_00038
-105.68440246582031,62.068275451660156,-105.78508167266845,-49.1920051574707,-206.3826141357422,False,,,391,df56d049a1394f4ea8c390780f417f3f,2021-06-07_09-43-17,1623069797,0.20546889305114746,94.92628860473633,11565,LOGGI004112,192.168.15.44,94.92628860473633,0,391,67d8a_00038
-105.51335906982422,62.068275451660156,-106.15082405090332,-49.1920051574707,-206.3826141357422,False,,,392,df56d049a1394f4ea8c390780f417f3f,2021-06-07_09-43-18,1623069798,0.20028018951416016,95.12656879425049,11565,LOGGI004112,192.168.15.44,95.12656879425049,0,392,67d8a_00038
-105.31932067871094,62.068275451660156,-106.98607685089111,-49.1920051574707,-206.3826141357422,False,,,393,df56d049a1394f4ea8c390780f417f3f,2021-06-07_09-43-18,1623069798,0.18942570686340332,95.31599450111389,11565,LOGGI004112,192.168.15.44,95.31599450111389,0,393,67d8a_00038
-105.14894104003906,62.068275451660156,-107.80929950714112,-49.1920051574707,-206.3826141357422,False,,,394,df56d049a1394f4ea8c390780f417f3f,2021-06-07_09-43-18,1623069798,0.18964505195617676,95.50563955307007,11565,LOGGI004112,192.168.15.44,95.50563955307007,0,394,67d8a_00038
-104.99095153808594,62.068275451660156,-107.05208656311035,-49.1920051574707,-206.3826141357422,False,,,395,df56d049a1394f4ea8c390780f417f3f,2021-06-07_09-43-18,1623069798,0.21096253395080566,95.71660208702087,11565,LOGGI004112,192.168.15.44,95.71660208702087,0,395,67d8a_00038
-104.80996704101562,62.068275451660156,-108.00310005187988,-49.1920051574707,-218.0009002685547,False,,,396,df56d049a1394f4ea8c390780f417f3f,2021-06-07_09-43-18,1623069798,0.19594383239746094,95.91254591941833,11565,LOGGI004112,192.168.15.44,95.91254591941833,0,396,67d8a_00038
-104.64910125732422,62.068275451660156,-107.02913040161133,-49.1920051574707,-218.0009002685547,False,,,397,df56d049a1394f4ea8c390780f417f3f,2021-06-07_09-43-19,1623069799,0.1904590129852295,96.10300493240356,11565,LOGGI004112,192.168.15.44,96.10300493240356,0,397,67d8a_00038
-104.48638153076172,62.068275451660156,-107.0994316482544,-49.1920051574707,-218.0009002685547,False,,,398,df56d049a1394f4ea8c390780f417f3f,2021-06-07_09-43-19,1623069799,0.19599127769470215,96.29899621009827,11565,LOGGI004112,192.168.15.44,96.29899621009827,0,398,67d8a_00038
-104.32231903076172,62.068275451660156,-106.17877758026123,-49.1920051574707,-218.0009002685547,False,,,399,df56d049a1394f4ea8c390780f417f3f,2021-06-07_09-43-19,1623069799,0.30863261222839355,96.60762882232666,11565,LOGGI004112,192.168.15.44,96.60762882232666,0,399,67d8a_00038
-104.17720031738281,62.068275451660156,-104.93728591918945,-49.1920051574707,-218.0009002685547,False,,,400,df56d049a1394f4ea8c390780f417f3f,2021-06-07_09-43-19,1623069799,0.1968233585357666,96.80445218086243,11565,LOGGI004112,192.168.15.44,96.80445218086243,0,400,67d8a_00038
-104.03752136230469,62.068275451660156,-101.73375560760498,-51.21723175048828,-218.0009002685547,False,,,401,df56d049a1394f4ea8c390780f417f3f,2021-06-07_09-43-20,1623069800,0.22523260116577148,97.0296847820282,11565,LOGGI004112,192.168.15.44,97.0296847820282,0,401,67d8a_00038
-103.85433197021484,62.068275451660156,-103.04167259216308,-51.21723175048828,-218.0009002685547,False,,,402,df56d049a1394f4ea8c390780f417f3f,2021-06-07_09-43-20,1623069800,0.23363947868347168,97.26332426071167,11565,LOGGI004112,192.168.15.44,97.26332426071167,0,402,67d8a_00038
-103.69364929199219,62.068275451660156,-102.18952796936036,-51.21723175048828,-218.0009002685547,False,,,403,df56d049a1394f4ea8c390780f417f3f,2021-06-07_09-43-20,1623069800,0.1998307704925537,97.46315503120422,11565,LOGGI004112,192.168.15.44,97.46315503120422,0,403,67d8a_00038
-103.5307846069336,62.068275451660156,-100.2413680267334,-51.21723175048828,-218.0009002685547,False,,,404,df56d049a1394f4ea8c390780f417f3f,2021-06-07_09-43-20,1623069800,0.19966626167297363,97.6628212928772,11565,LOGGI004112,192.168.15.44,97.6628212928772,0,404,67d8a_00038
-103.39224243164062,62.068275451660156,-100.78802280426025,-51.21723175048828,-218.0009002685547,False,,,405,df56d049a1394f4ea8c390780f417f3f,2021-06-07_09-43-20,1623069800,0.20122838020324707,97.86404967308044,11565,LOGGI004112,192.168.15.44,97.86404967308044,0,405,67d8a_00038
-103.24879455566406,62.068275451660156,-97.82513744354247,-51.21723175048828,-202.8892364501953,False,,,406,df56d049a1394f4ea8c390780f417f3f,2021-06-07_09-43-21,1623069801,0.18891501426696777,98.05296468734741,11565,LOGGI004112,192.168.15.44,98.05296468734741,0,406,67d8a_00038
-103.0976791381836,62.068275451660156,-98.13689785003662,-51.21723175048828,-202.8892364501953,False,,,407,df56d049a1394f4ea8c390780f417f3f,2021-06-07_09-43-21,1623069801,0.19921255111694336,98.25217723846436,11565,LOGGI004112,192.168.15.44,98.25217723846436,0,407,67d8a_00038
-102.93289184570312,62.068275451660156,-97.39957954406738,-51.21723175048828,-211.8807373046875,False,,,408,df56d049a1394f4ea8c390780f417f3f,2021-06-07_09-43-21,1623069801,0.20006108283996582,98.45223832130432,11565,LOGGI004112,192.168.15.44,98.45223832130432,0,408,67d8a_00038
-102.77203369140625,62.068275451660156,-98.93457984924316,-50.473140716552734,-211.8807373046875,False,,,409,df56d049a1394f4ea8c390780f417f3f,2021-06-07_09-43-21,1623069801,0.22347784042358398,98.6757161617279,11565,LOGGI004112,192.168.15.44,98.6757161617279,0,409,67d8a_00038
-102.6161117553711,62.068275451660156,-101.33368396759033,-50.473140716552734,-211.8807373046875,False,,,410,df56d049a1394f4ea8c390780f417f3f,2021-06-07_09-43-21,1623069801,0.22079753875732422,98.89651370048523,11565,LOGGI004112,192.168.15.44,98.89651370048523,0,410,67d8a_00038
-102.46320343017578,62.068275451660156,-104.136653175354,-50.473140716552734,-211.8807373046875,False,,,411,df56d049a1394f4ea8c390780f417f3f,2021-06-07_09-43-22,1623069802,0.22428560256958008,99.12079930305481,11565,LOGGI004112,192.168.15.44,99.12079930305481,0,411,67d8a_00038
-102.30557250976562,62.068275451660156,-101.07840148925781,-50.473140716552734,-211.8807373046875,False,,,412,df56d049a1394f4ea8c390780f417f3f,2021-06-07_09-43-22,1623069802,0.23621535301208496,99.3570146560669,11565,LOGGI004112,192.168.15.44,99.3570146560669,0,412,67d8a_00038
-102.1373062133789,62.068275451660156,-100.63881744384766,-50.473140716552734,-211.8807373046875,False,,,413,df56d049a1394f4ea8c390780f417f3f,2021-06-07_09-43-22,1623069802,0.3388404846191406,99.69585514068604,11565,LOGGI004112,192.168.15.44,99.69585514068604,0,413,67d8a_00038
-102.00072479248047,62.068275451660156,-101.76333953857421,-50.473140716552734,-211.8807373046875,False,,,414,df56d049a1394f4ea8c390780f417f3f,2021-06-07_09-43-23,1623069803,0.2931244373321533,99.98897957801819,11565,LOGGI004112,192.168.15.44,99.98897957801819,0,414,67d8a_00038
-101.86463928222656,62.068275451660156,-102.0095068359375,-50.473140716552734,-211.8807373046875,False,,,415,df56d049a1394f4ea8c390780f417f3f,2021-06-07_09-43-23,1623069803,0.20857739448547363,100.19755697250366,11565,LOGGI004112,192.168.15.44,100.19755697250366,0,415,67d8a_00038
-101.71852111816406,62.068275451660156,-102.32447860717774,-46.53211975097656,-211.8807373046875,False,,,416,df56d049a1394f4ea8c390780f417f3f,2021-06-07_09-43-23,1623069803,0.17816162109375,100.37571859359741,11565,LOGGI004112,192.168.15.44,100.37571859359741,0,416,67d8a_00038
-101.58766174316406,62.068275451660156,-99.91340347290038,-37.90522384643555,-211.8807373046875,False,,,417,df56d049a1394f4ea8c390780f417f3f,2021-06-07_09-43-23,1623069803,0.17891860008239746,100.55463719367981,11565,LOGGI004112,192.168.15.44,100.55463719367981,0,417,67d8a_00038
-101.44827270507812,62.068275451660156,-99.92967323303223,-37.90522384643555,-185.45556640625,False,,,418,df56d049a1394f4ea8c390780f417f3f,2021-06-07_09-43-23,1623069803,0.18290400505065918,100.73754119873047,11565,LOGGI004112,192.168.15.44,100.73754119873047,0,418,67d8a_00038
-101.30792236328125,62.068275451660156,-98.77280452728272,-37.90522384643555,-185.45556640625,False,,,419,df56d049a1394f4ea8c390780f417f3f,2021-06-07_09-43-24,1623069804,0.19526171684265137,100.93280291557312,11565,LOGGI004112,192.168.15.44,100.93280291557312,0,419,67d8a_00038
-101.16378784179688,62.068275451660156,-97.66262065887452,-37.90522384643555,-177.43980407714844,False,,,420,df56d049a1394f4ea8c390780f417f3f,2021-06-07_09-43-24,1623069804,0.18283390998840332,101.11563682556152,11565,LOGGI004112,192.168.15.44,101.11563682556152,0,420,67d8a_00038
-101.01913452148438,62.068275451660156,-96.77432109832763,-37.90522384643555,-177.43980407714844,False,,,421,df56d049a1394f4ea8c390780f417f3f,2021-06-07_09-43-24,1623069804,0.18790721893310547,101.30354404449463,11565,LOGGI004112,192.168.15.44,101.30354404449463,0,421,67d8a_00038
-100.86907958984375,62.068275451660156,-98.32366004943847,-37.90522384643555,-177.43980407714844,False,,,422,df56d049a1394f4ea8c390780f417f3f,2021-06-07_09-43-24,1623069804,0.18403935432434082,101.48758339881897,11565,LOGGI004112,192.168.15.44,101.48758339881897,0,422,67d8a_00038
-100.71212005615234,62.068275451660156,-97.56581592559814,-37.90522384643555,-177.43980407714844,False,,,423,df56d049a1394f4ea8c390780f417f3f,2021-06-07_09-43-24,1623069804,0.18526768684387207,101.67285108566284,11565,LOGGI004112,192.168.15.44,101.67285108566284,0,423,67d8a_00038
-100.57598876953125,62.068275451660156,-96.66105400085449,-37.90522384643555,-177.43980407714844,False,,,424,df56d049a1394f4ea8c390780f417f3f,2021-06-07_09-43-25,1623069805,0.18829655647277832,101.86114764213562,11565,LOGGI004112,192.168.15.44,101.86114764213562,0,424,67d8a_00038
-100.4168930053711,62.068275451660156,-97.47170146942139,-37.90522384643555,-189.7284393310547,False,,,425,df56d049a1394f4ea8c390780f417f3f,2021-06-07_09-43-25,1623069805,0.1853034496307373,102.04645109176636,11565,LOGGI004112,192.168.15.44,102.04645109176636,0,425,67d8a_00038
-100.26097869873047,62.068275451660156,-99.85575176239014,-37.90522384643555,-191.83718872070312,False,,,426,df56d049a1394f4ea8c390780f417f3f,2021-06-07_09-43-25,1623069805,0.18268370628356934,102.22913479804993,11565,LOGGI004112,192.168.15.44,102.22913479804993,0,426,67d8a_00038
-100.11398315429688,62.068275451660156,-101.28802291870117,-44.958927154541016,-191.83718872070312,False,,,427,df56d049a1394f4ea8c390780f417f3f,2021-06-07_09-43-25,1623069805,0.28949689865112305,102.51863169670105,11565,LOGGI004112,192.168.15.44,102.51863169670105,0,427,67d8a_00038
-99.99020385742188,62.068275451660156,-100.04088432312011,-44.958927154541016,-191.83718872070312,False,,,428,df56d049a1394f4ea8c390780f417f3f,2021-06-07_09-43-25,1623069805,0.25223374366760254,102.77086544036865,11565,LOGGI004112,192.168.15.44,102.77086544036865,0,428,67d8a_00038
-99.85289001464844,62.068275451660156,-102.52310234069824,-44.958927154541016,-238.411376953125,False,,,429,df56d049a1394f4ea8c390780f417f3f,2021-06-07_09-43-26,1623069806,0.22993159294128418,103.00079703330994,11565,LOGGI004112,192.168.15.44,103.00079703330994,0,429,67d8a_00038
-99.69591522216797,62.068275451660156,-102.99752601623535,-44.812721252441406,-238.411376953125,False,,,430,df56d049a1394f4ea8c390780f417f3f,2021-06-07_09-43-26,1623069806,0.18969988822937012,103.1904969215393,11565,LOGGI004112,192.168.15.44,103.1904969215393,0,430,67d8a_00038
-99.57087707519531,62.068275451660156,-102.01473133087158,-44.812721252441406,-238.411376953125,False,,,431,df56d049a1394f4ea8c390780f417f3f,2021-06-07_09-43-26,1623069806,0.16180896759033203,103.35230588912964,11565,LOGGI004112,192.168.15.44,103.35230588912964,0,431,67d8a_00038
-99.44511413574219,62.068275451660156,-103.02415447235107,-44.812721252441406,-238.411376953125,False,,,432,df56d049a1394f4ea8c390780f417f3f,2021-06-07_09-43-26,1623069806,0.27501654624938965,103.62732243537903,11565,LOGGI004112,192.168.15.44,103.62732243537903,0,432,67d8a_00038
-99.32376861572266,62.068275451660156,-103.32188499450683,-44.812721252441406,-238.411376953125,False,,,433,df56d049a1394f4ea8c390780f417f3f,2021-06-07_09-43-27,1623069807,0.1922924518585205,103.81961488723755,11565,LOGGI004112,192.168.15.44,103.81961488723755,0,433,67d8a_00038
-99.17920684814453,62.068275451660156,-103.64916088104248,-44.812721252441406,-238.411376953125,False,,,434,df56d049a1394f4ea8c390780f417f3f,2021-06-07_09-43-27,1623069807,0.19527578353881836,104.01489067077637,11565,LOGGI004112,192.168.15.44,104.01489067077637,0,434,67d8a_00038
-99.05200958251953,62.068275451660156,-103.06792633056641,-44.812721252441406,-238.411376953125,False,,,435,df56d049a1394f4ea8c390780f417f3f,2021-06-07_09-43-27,1623069807,0.17984986305236816,104.19474053382874,11565,LOGGI004112,192.168.15.44,104.19474053382874,0,435,67d8a_00038
-98.92196655273438,62.068275451660156,-100.88785915374756,-44.812721252441406,-238.411376953125,False,,,436,df56d049a1394f4ea8c390780f417f3f,2021-06-07_09-43-27,1623069807,0.1838390827178955,104.37857961654663,11565,LOGGI004112,192.168.15.44,104.37857961654663,0,436,67d8a_00038
-98.78775024414062,62.068275451660156,-100.50897476196289,-44.812721252441406,-238.411376953125,False,,,437,df56d049a1394f4ea8c390780f417f3f,2021-06-07_09-43-27,1623069807,0.19300627708435059,104.57158589363098,11565,LOGGI004112,192.168.15.44,104.57158589363098,0,437,67d8a_00038
-98.64404296875,62.068275451660156,-103.47087032318115,-44.812721252441406,-238.411376953125,False,,,438,df56d049a1394f4ea8c390780f417f3f,2021-06-07_09-43-28,1623069808,0.1896076202392578,104.76119351387024,11565,LOGGI004112,192.168.15.44,104.76119351387024,0,438,67d8a_00038
-98.53358459472656,62.068275451660156,-100.03885837554931,-44.812721252441406,-198.88121032714844,False,,,439,df56d049a1394f4ea8c390780f417f3f,2021-06-07_09-43-28,1623069808,0.19081640243530273,104.95200991630554,11565,LOGGI004112,192.168.15.44,104.95200991630554,0,439,67d8a_00038
-98.42247009277344,62.068275451660156,-97.77445617675781,-48.596282958984375,-198.88121032714844,False,,,440,df56d049a1394f4ea8c390780f417f3f,2021-06-07_09-43-28,1623069808,0.1828014850616455,105.13481140136719,11565,LOGGI004112,192.168.15.44,105.13481140136719,0,440,67d8a_00038
-98.29683685302734,62.068275451660156,-97.32868183135986,-34.268699645996094,-198.88121032714844,False,,,441,df56d049a1394f4ea8c390780f417f3f,2021-06-07_09-43-28,1623069808,0.18733978271484375,105.32215118408203,11565,LOGGI004112,192.168.15.44,105.32215118408203,0,441,67d8a_00038
-98.17216491699219,62.068275451660156,-96.30553043365478,-34.268699645996094,-198.88121032714844,False,,,442,df56d049a1394f4ea8c390780f417f3f,2021-06-07_09-43-28,1623069808,0.20156645774841309,105.52371764183044,11565,LOGGI004112,192.168.15.44,105.52371764183044,0,442,67d8a_00038
-98.02290344238281,62.068275451660156,-98.54127773284912,-34.268699645996094,-198.88121032714844,False,,,443,df56d049a1394f4ea8c390780f417f3f,2021-06-07_09-43-29,1623069809,0.2198941707611084,105.74361181259155,11565,LOGGI004112,192.168.15.44,105.74361181259155,0,443,67d8a_00038
-97.91395568847656,62.068275451660156,-97.20110565185547,-34.268699645996094,-198.88121032714844,False,,,444,df56d049a1394f4ea8c390780f417f3f,2021-06-07_09-43-29,1623069809,0.2257847785949707,105.96939659118652,11565,LOGGI004112,192.168.15.44,105.96939659118652,0,444,67d8a_00038
-97.78815460205078,62.068275451660156,-97.95928260803223,-34.268699645996094,-198.88121032714844,False,,,445,df56d049a1394f4ea8c390780f417f3f,2021-06-07_09-43-29,1623069809,0.17165040969848633,106.14104700088501,11565,LOGGI004112,192.168.15.44,106.14104700088501,0,445,67d8a_00038
-97.65628814697266,62.068275451660156,-99.68793941497803,-34.268699645996094,-198.88121032714844,False,,,446,df56d049a1394f4ea8c390780f417f3f,2021-06-07_09-43-29,1623069809,0.18515968322753906,106.32620668411255,11565,LOGGI004112,192.168.15.44,106.32620668411255,0,446,67d8a_00038
-97.54366302490234,62.068275451660156,-99.85611354827881,-34.268699645996094,-198.88121032714844,False,,,447,df56d049a1394f4ea8c390780f417f3f,2021-06-07_09-43-29,1623069809,0.1863389015197754,106.51254558563232,11565,LOGGI004112,192.168.15.44,106.51254558563232,0,447,67d8a_00038
-97.42306518554688,62.068275451660156,-96.08127140045166,-34.268699645996094,-170.69381713867188,False,,,448,df56d049a1394f4ea8c390780f417f3f,2021-06-07_09-43-30,1623069810,0.20606470108032227,106.71861028671265,11565,LOGGI004112,192.168.15.44,106.71861028671265,0,448,67d8a_00038
-97.2809066772461,62.068275451660156,-99.36849391937255,-34.268699645996094,-215.36082458496094,False,,,449,df56d049a1394f4ea8c390780f417f3f,2021-06-07_09-43-30,1623069810,0.18755555152893066,106.90616583824158,11565,LOGGI004112,192.168.15.44,106.90616583824158,0,449,67d8a_00038
-97.11414337158203,62.068275451660156,-103.54603771209717,-34.268699645996094,-272.5255126953125,False,,,450,df56d049a1394f4ea8c390780f417f3f,2021-06-07_09-43-30,1623069810,0.1852574348449707,107.09142327308655,11565,LOGGI004112,192.168.15.44,107.09142327308655,0,450,67d8a_00038
-96.98712158203125,62.068275451660156,-104.1546919631958,-43.750770568847656,-272.5255126953125,False,,,451,df56d049a1394f4ea8c390780f417f3f,2021-06-07_09-43-30,1623069810,0.20670461654663086,107.29812788963318,11565,LOGGI004112,192.168.15.44,107.29812788963318,0,451,67d8a_00038
-96.87605285644531,62.068275451660156,-103.13686214447021,-43.750770568847656,-272.5255126953125,False,,,452,df56d049a1394f4ea8c390780f417f3f,2021-06-07_09-43-30,1623069810,0.19783496856689453,107.49596285820007,11565,LOGGI004112,192.168.15.44,107.49596285820007,0,452,67d8a_00038
-96.75927734375,62.068275451660156,-100.54251609802246,-43.750770568847656,-272.5255126953125,False,,,453,df56d049a1394f4ea8c390780f417f3f,2021-06-07_09-43-31,1623069811,0.1934504508972168,107.68941330909729,11565,LOGGI004112,192.168.15.44,107.68941330909729,0,453,67d8a_00038
-96.62541961669922,62.068275451660156,-101.64690158843995,-43.750770568847656,-272.5255126953125,False,,,454,df56d049a1394f4ea8c390780f417f3f,2021-06-07_09-43-31,1623069811,0.19463634490966797,107.88404965400696,11565,LOGGI004112,192.168.15.44,107.88404965400696,0,454,67d8a_00038
-96.49942016601562,62.068275451660156,-102.26591808319091,-48.66632843017578,-272.5255126953125,False,,,455,df56d049a1394f4ea8c390780f417f3f,2021-06-07_09-43-31,1623069811,0.1911303997039795,108.07518005371094,11565,LOGGI004112,192.168.15.44,108.07518005371094,0,455,67d8a_00038
-96.3692626953125,62.068275451660156,-101.34072910308838,-48.66632843017578,-272.5255126953125,False,,,456,df56d049a1394f4ea8c390780f417f3f,2021-06-07_09-43-31,1623069811,0.2239983081817627,108.2991783618927,11565,LOGGI004112,192.168.15.44,108.2991783618927,0,456,67d8a_00038
-96.22993469238281,62.068275451660156,-101.48039360046387,-48.66632843017578,-272.5255126953125,False,,,457,df56d049a1394f4ea8c390780f417f3f,2021-06-07_09-43-31,1623069811,0.21816515922546387,108.51734352111816,11565,LOGGI004112,192.168.15.44,108.51734352111816,0,457,67d8a_00038
-96.11213684082031,62.068275451660156,-103.48164066314698,-48.66632843017578,-272.5255126953125,False,,,458,df56d049a1394f4ea8c390780f417f3f,2021-06-07_09-43-32,1623069812,0.42702770233154297,108.9443712234497,11565,LOGGI004112,192.168.15.44,108.9443712234497,0,458,67d8a_00038
-95.98658752441406,62.068275451660156,-100.813134765625,-48.66632843017578,-272.5255126953125,False,,,459,df56d049a1394f4ea8c390780f417f3f,2021-06-07_09-43-32,1623069812,0.21180486679077148,109.15617609024048,11565,LOGGI004112,192.168.15.44,109.15617609024048,0,459,67d8a_00038
-95.87646484375,62.068275451660156,-98.53080448150635,-48.66632843017578,-194.74285888671875,False,,,460,df56d049a1394f4ea8c390780f417f3f,2021-06-07_09-43-32,1623069812,0.23600316047668457,109.39217925071716,11565,LOGGI004112,192.168.15.44,109.39217925071716,0,460,67d8a_00038
-95.76566314697266,62.068275451660156,-100.78658756256104,-48.66632843017578,-194.74285888671875,False,,,461,df56d049a1394f4ea8c390780f417f3f,2021-06-07_09-43-33,1623069813,0.24274420738220215,109.63492345809937,11565,LOGGI004112,192.168.15.44,109.63492345809937,0,461,67d8a_00038
-95.66075897216797,62.068275451660156,-100.52533405303956,-48.66632843017578,-194.74285888671875,False,,,462,df56d049a1394f4ea8c390780f417f3f,2021-06-07_09-43-33,1623069813,0.22673439979553223,109.8616578578949,11565,LOGGI004112,192.168.15.44,109.8616578578949,0,462,67d8a_00038
-95.54399871826172,62.068275451660156,-101.6672232055664,-48.66632843017578,-194.74285888671875,False,,,463,df56d049a1394f4ea8c390780f417f3f,2021-06-07_09-43-33,1623069813,0.23918533325195312,110.10084319114685,11565,LOGGI004112,192.168.15.44,110.10084319114685,0,463,67d8a_00038
-95.4266357421875,62.068275451660156,-100.75288681030274,-48.66632843017578,-194.74285888671875,False,,,464,df56d049a1394f4ea8c390780f417f3f,2021-06-07_09-43-33,1623069813,0.22414445877075195,110.3249876499176,11565,LOGGI004112,192.168.15.44,110.3249876499176,0,464,67d8a_00038
-95.32328796386719,62.068275451660156,-99.46405521392822,-49.39888000488281,-194.74285888671875,False,,,465,df56d049a1394f4ea8c390780f417f3f,2021-06-07_09-43-34,1623069814,0.22927069664001465,110.55425834655762,11565,LOGGI004112,192.168.15.44,110.55425834655762,0,465,67d8a_00038
-95.20999908447266,62.068275451660156,-98.34958625793458,-49.39888000488281,-194.14828491210938,False,,,466,df56d049a1394f4ea8c390780f417f3f,2021-06-07_09-43-34,1623069814,0.22578978538513184,110.78004813194275,11565,LOGGI004112,192.168.15.44,110.78004813194275,0,466,67d8a_00038
-95.09907531738281,62.068275451660156,-97.24531646728515,-49.39888000488281,-194.14828491210938,False,,,467,df56d049a1394f4ea8c390780f417f3f,2021-06-07_09-43-34,1623069814,0.21977925300598145,110.99982738494873,11565,LOGGI004112,192.168.15.44,110.99982738494873,0,467,67d8a_00038
-94.99632263183594,62.068275451660156,-97.68765064239501,-49.39888000488281,-194.14828491210938,False,,,468,df56d049a1394f4ea8c390780f417f3f,2021-06-07_09-43-34,1623069814,0.24813103675842285,111.24795842170715,11565,LOGGI004112,192.168.15.44,111.24795842170715,0,468,67d8a_00038
-94.887451171875,62.068275451660156,-97.96890975952148,-45.90410614013672,-194.14828491210938,False,,,469,df56d049a1394f4ea8c390780f417f3f,2021-06-07_09-43-34,1623069814,0.2316274642944336,111.47958588600159,11565,LOGGI004112,192.168.15.44,111.47958588600159,0,469,67d8a_00038
-94.75300598144531,62.068275451660156,-97.67093223571777,-45.90410614013672,-194.14828491210938,False,,,470,df56d049a1394f4ea8c390780f417f3f,2021-06-07_09-43-35,1623069815,0.28598737716674805,111.76557326316833,11565,LOGGI004112,192.168.15.44,111.76557326316833,0,470,67d8a_00038
-94.6357421875,62.068275451660156,-96.39455001831055,-45.90410614013672,-194.14828491210938,False,,,471,df56d049a1394f4ea8c390780f417f3f,2021-06-07_09-43-35,1623069815,0.2381913661956787,112.00376462936401,11565,LOGGI004112,192.168.15.44,112.00376462936401,0,471,67d8a_00038
-94.53754425048828,62.068275451660156,-96.72163139343262,-45.90410614013672,-194.14828491210938,False,,,472,df56d049a1394f4ea8c390780f417f3f,2021-06-07_09-43-35,1623069815,0.22754883766174316,112.23131346702576,11565,LOGGI004112,192.168.15.44,112.23131346702576,0,472,67d8a_00038
-94.42178344726562,62.068275451660156,-96.43663528442383,-45.90410614013672,-181.2847442626953,False,,,473,df56d049a1394f4ea8c390780f417f3f,2021-06-07_09-43-36,1623069816,0.23825502395629883,112.46956849098206,11565,LOGGI004112,192.168.15.44,112.46956849098206,0,473,67d8a_00038
-94.30591583251953,62.068275451660156,-97.37436584472657,-45.90410614013672,-181.2847442626953,False,,,474,df56d049a1394f4ea8c390780f417f3f,2021-06-07_09-43-36,1623069816,0.24066877365112305,112.71023726463318,11565,LOGGI004112,192.168.15.44,112.71023726463318,0,474,67d8a_00038
-94.17863464355469,62.068275451660156,-96.71206493377686,-45.90410614013672,-181.2847442626953,False,,,475,df56d049a1394f4ea8c390780f417f3f,2021-06-07_09-43-36,1623069816,0.2320241928100586,112.94226145744324,11565,LOGGI004112,192.168.15.44,112.94226145744324,0,475,67d8a_00038
-94.051513671875,62.068275451660156,-99.26753089904786,-45.90410614013672,-181.2847442626953,False,,,476,df56d049a1394f4ea8c390780f417f3f,2021-06-07_09-43-36,1623069816,0.25100183486938477,113.19326329231262,11565,LOGGI004112,192.168.15.44,113.19326329231262,0,476,67d8a_00038
-93.95103454589844,62.068275451660156,-99.58923103332519,-45.90410614013672,-181.2847442626953,False,,,477,df56d049a1394f4ea8c390780f417f3f,2021-06-07_09-43-37,1623069817,0.23764371871948242,113.4309070110321,11565,LOGGI004112,192.168.15.44,113.4309070110321,0,477,67d8a_00038
-93.85841369628906,62.068275451660156,-97.43578765869141,-45.90410614013672,-181.2847442626953,False,,,478,df56d049a1394f4ea8c390780f417f3f,2021-06-07_09-43-37,1623069817,0.24431705474853516,113.67522406578064,11565,LOGGI004112,192.168.15.44,113.67522406578064,0,478,67d8a_00038
-93.75169372558594,62.068275451660156,-96.95764839172364,-46.021244049072266,-179.26637268066406,False,,,479,df56d049a1394f4ea8c390780f417f3f,2021-06-07_09-43-37,1623069817,0.2624549865722656,113.9376790523529,11565,LOGGI004112,192.168.15.44,113.9376790523529,0,479,67d8a_00038
-93.6393814086914,62.068275451660156,-98.04494705200196,-46.021244049072266,-179.26637268066406,False,,,480,df56d049a1394f4ea8c390780f417f3f,2021-06-07_09-43-37,1623069817,0.2615816593170166,114.19926071166992,11565,LOGGI004112,192.168.15.44,114.19926071166992,0,480,67d8a_00038
-93.53971862792969,62.068275451660156,-96.20609683990479,-47.506744384765625,-179.26637268066406,False,,,481,df56d049a1394f4ea8c390780f417f3f,2021-06-07_09-43-38,1623069818,0.2776660919189453,114.47692680358887,11565,LOGGI004112,192.168.15.44,114.47692680358887,0,481,67d8a_00038
-93.43479919433594,62.068275451660156,-96.4320262145996,-47.506744384765625,-179.26637268066406,False,,,482,df56d049a1394f4ea8c390780f417f3f,2021-06-07_09-43-38,1623069818,0.26283907890319824,114.73976588249207,11565,LOGGI004112,192.168.15.44,114.73976588249207,0,482,67d8a_00038
-93.34202575683594,62.068275451660156,-94.44598682403564,-37.136009216308594,-179.26637268066406,False,,,483,df56d049a1394f4ea8c390780f417f3f,2021-06-07_09-43-38,1623069818,0.34949755668640137,115.08926343917847,11565,LOGGI004112,192.168.15.44,115.08926343917847,0,483,67d8a_00038
-93.21543884277344,62.068275451660156,-95.12991886138916,-37.136009216308594,-178.76905822753906,False,,,484,df56d049a1394f4ea8c390780f417f3f,2021-06-07_09-43-39,1623069819,0.24710655212402344,115.33636999130249,11565,LOGGI004112,192.168.15.44,115.33636999130249,0,484,67d8a_00038
-93.12281036376953,62.068275451660156,-96.16229442596436,-37.136009216308594,-178.76905822753906,False,,,485,df56d049a1394f4ea8c390780f417f3f,2021-06-07_09-43-39,1623069819,0.31322646141052246,115.64959645271301,11565,LOGGI004112,192.168.15.44,115.64959645271301,0,485,67d8a_00038
-93.01304626464844,62.068275451660156,-94.82548061370849,-37.136009216308594,-171.5297088623047,False,,,486,df56d049a1394f4ea8c390780f417f3f,2021-06-07_09-43-39,1623069819,0.2479262351989746,115.89752268791199,11565,LOGGI004112,192.168.15.44,115.89752268791199,0,486,67d8a_00038
-92.90074157714844,62.068275451660156,-94.78347869873046,-37.136009216308594,-171.5297088623047,False,,,487,df56d049a1394f4ea8c390780f417f3f,2021-06-07_09-43-39,1623069819,0.25887417793273926,116.15639686584473,11565,LOGGI004112,192.168.15.44,116.15639686584473,0,487,67d8a_00038
-92.77326965332031,62.068275451660156,-96.75191474914551,-37.136009216308594,-311.6499328613281,False,,,488,df56d049a1394f4ea8c390780f417f3f,2021-06-07_09-43-40,1623069820,0.24715828895568848,116.40355515480042,11565,LOGGI004112,192.168.15.44,116.40355515480042,0,488,67d8a_00038
-92.69092559814453,62.068275451660156,-95.95778167724609,-37.136009216308594,-311.6499328613281,False,,,489,df56d049a1394f4ea8c390780f417f3f,2021-06-07_09-43-40,1623069820,0.22022652626037598,116.62378168106079,11565,LOGGI004112,192.168.15.44,116.62378168106079,0,489,67d8a_00038
-92.59971618652344,62.068275451660156,-93.56346176147461,-37.136009216308594,-311.6499328613281,False,,,490,df56d049a1394f4ea8c390780f417f3f,2021-06-07_09-43-40,1623069820,0.22646808624267578,116.85024976730347,11565,LOGGI004112,192.168.15.44,116.85024976730347,0,490,67d8a_00038
-92.49591827392578,62.068275451660156,-94.95494655609131,-37.136009216308594,-311.6499328613281,False,,,491,df56d049a1394f4ea8c390780f417f3f,2021-06-07_09-43-40,1623069820,0.22637271881103516,117.0766224861145,11565,LOGGI004112,192.168.15.44,117.0766224861145,0,491,67d8a_00038
-92.41012573242188,62.068275451660156,-93.48785385131836,-37.136009216308594,-311.6499328613281,False,,,492,df56d049a1394f4ea8c390780f417f3f,2021-06-07_09-43-41,1623069821,0.2333676815032959,117.3099901676178,11565,LOGGI004112,192.168.15.44,117.3099901676178,0,492,67d8a_00038
-92.32115936279297,62.068275451660156,-93.66851139068604,-43.122032165527344,-311.6499328613281,False,,,493,df56d049a1394f4ea8c390780f417f3f,2021-06-07_09-43-41,1623069821,0.24432754516601562,117.55431771278381,11565,LOGGI004112,192.168.15.44,117.55431771278381,0,493,67d8a_00038
-92.23158264160156,62.068275451660156,-93.59353149414062,-43.122032165527344,-311.6499328613281,False,,,494,df56d049a1394f4ea8c390780f417f3f,2021-06-07_09-43-41,1623069821,0.4239509105682373,117.97826862335205,11565,LOGGI004112,192.168.15.44,117.97826862335205,0,494,67d8a_00038
-92.1395492553711,62.068275451660156,-92.24789009094238,-43.122032165527344,-311.6499328613281,False,,,495,df56d049a1394f4ea8c390780f417f3f,2021-06-07_09-43-42,1623069822,0.30203938484191895,118.28030800819397,11565,LOGGI004112,192.168.15.44,118.28030800819397,0,495,67d8a_00038
-92.048828125,62.068275451660156,-91.50137603759765,-37.561180114746094,-311.6499328613281,False,,,496,df56d049a1394f4ea8c390780f417f3f,2021-06-07_09-43-42,1623069822,0.2416830062866211,118.52199101448059,11565,LOGGI004112,192.168.15.44,118.52199101448059,0,496,67d8a_00038
-91.96146392822266,62.068275451660156,-91.67951305389404,-37.561180114746094,-311.6499328613281,False,,,497,df56d049a1394f4ea8c390780f417f3f,2021-06-07_09-43-42,1623069822,0.2874617576599121,118.8094527721405,11565,LOGGI004112,192.168.15.44,118.8094527721405,0,497,67d8a_00038
-91.86685180664062,62.068275451660156,-89.95151435852051,-37.561180114746094,-199.56455993652344,False,,,498,df56d049a1394f4ea8c390780f417f3f,2021-06-07_09-43-42,1623069822,0.23409724235534668,119.04355001449585,11565,LOGGI004112,192.168.15.44,119.04355001449585,0,498,67d8a_00038
-91.7735824584961,62.068275451660156,-89.77493412017822,-37.561180114746094,-199.56455993652344,False,,,499,df56d049a1394f4ea8c390780f417f3f,2021-06-07_09-43-43,1623069823,0.2281336784362793,119.27168369293213,11565,LOGGI004112,192.168.15.44,119.27168369293213,0,499,67d8a_00038
-91.69105529785156,62.068275451660156,-89.87608242034912,-37.561180114746094,-199.56455993652344,False,,,500,df56d049a1394f4ea8c390780f417f3f,2021-06-07_09-43-43,1623069823,0.25852394104003906,119.53020763397217,11565,LOGGI004112,192.168.15.44,119.53020763397217,0,500,67d8a_00038
-91.60308074951172,62.068275451660156,-88.16881755828858,-37.561180114746094,-199.56455993652344,False,,,501,df56d049a1394f4ea8c390780f417f3f,2021-06-07_09-43-43,1623069823,0.24577641487121582,119.77598404884338,11565,LOGGI004112,192.168.15.44,119.77598404884338,0,501,67d8a_00038
-91.5177993774414,62.068275451660156,-89.02857604980468,-37.561180114746094,-199.56455993652344,False,,,502,df56d049a1394f4ea8c390780f417f3f,2021-06-07_09-43-43,1623069823,0.23162436485290527,120.00760841369629,11565,LOGGI004112,192.168.15.44,120.00760841369629,0,502,67d8a_00038
-91.4249267578125,62.068275451660156,-89.764091796875,-37.561180114746094,-199.56455993652344,False,,,503,df56d049a1394f4ea8c390780f417f3f,2021-06-07_09-43-44,1623069824,0.24633264541625977,120.25394105911255,11565,LOGGI004112,192.168.15.44,120.25394105911255,0,503,67d8a_00038
-91.31754302978516,62.068275451660156,-89.02454738616943,-37.561180114746094,-199.56455993652344,False,,,504,df56d049a1394f4ea8c390780f417f3f,2021-06-07_09-43-44,1623069824,0.2608373165130615,120.51477837562561,11565,LOGGI004112,192.168.15.44,120.51477837562561,0,504,67d8a_00038
-91.23902893066406,62.068275451660156,-89.6536929321289,-37.561180114746094,-199.56455993652344,False,,,505,df56d049a1394f4ea8c390780f417f3f,2021-06-07_09-43-44,1623069824,0.30545926094055176,120.82023763656616,11565,LOGGI004112,192.168.15.44,120.82023763656616,0,505,67d8a_00038
-91.15441131591797,62.068275451660156,-89.2968374633789,-43.36713790893555,-217.87890625,False,,,506,df56d049a1394f4ea8c390780f417f3f,2021-06-07_09-43-45,1623069825,0.27875351905822754,121.09899115562439,11565,LOGGI004112,192.168.15.44,121.09899115562439,0,506,67d8a_00038
-91.0593490600586,62.068275451660156,-89.08511051177979,-43.36713790893555,-217.87890625,False,,,507,df56d049a1394f4ea8c390780f417f3f,2021-06-07_09-43-45,1623069825,0.2406904697418213,121.33968162536621,11565,LOGGI004112,192.168.15.44,121.33968162536621,0,507,67d8a_00038
-90.96527099609375,62.068275451660156,-90.48792930603027,-43.36713790893555,-217.87890625,False,,,508,df56d049a1394f4ea8c390780f417f3f,2021-06-07_09-43-45,1623069825,0.25841498374938965,121.5980966091156,11565,LOGGI004112,192.168.15.44,121.5980966091156,0,508,67d8a_00038
-90.87781524658203,62.068275451660156,-90.93819473266602,-31.98471450805664,-217.87890625,False,,,509,df56d049a1394f4ea8c390780f417f3f,2021-06-07_09-43-45,1623069825,0.2206268310546875,121.81872344017029,11565,LOGGI004112,192.168.15.44,121.81872344017029,0,509,67d8a_00038
-90.80477142333984,62.068275451660156,-91.46549945831299,-31.98471450805664,-217.87890625,False,,,510,df56d049a1394f4ea8c390780f417f3f,2021-06-07_09-43-46,1623069826,0.34845566749572754,122.16717910766602,11565,LOGGI004112,192.168.15.44,122.16717910766602,0,510,67d8a_00038
-90.72331237792969,62.068275451660156,-93.79750926971435,-31.98471450805664,-217.87890625,False,,,511,df56d049a1394f4ea8c390780f417f3f,2021-06-07_09-43-46,1623069826,0.23277950286865234,122.39995861053467,11565,LOGGI004112,192.168.15.44,122.39995861053467,0,511,67d8a_00038
-90.63153839111328,62.068275451660156,-92.74986518859863,-31.98471450805664,-217.87890625,False,,,512,df56d049a1394f4ea8c390780f417f3f,2021-06-07_09-43-46,1623069826,0.24910449981689453,122.64906311035156,11565,LOGGI004112,192.168.15.44,122.64906311035156,0,512,67d8a_00038
-90.55146789550781,62.068275451660156,-92.15794918060303,-31.98471450805664,-217.87890625,False,,,513,df56d049a1394f4ea8c390780f417f3f,2021-06-07_09-43-46,1623069826,0.2543160915374756,122.90337920188904,11565,LOGGI004112,192.168.15.44,122.90337920188904,0,513,67d8a_00038
-90.46956634521484,62.068275451660156,-90.7506732559204,-31.98471450805664,-217.87890625,False,,,514,df56d049a1394f4ea8c390780f417f3f,2021-06-07_09-43-47,1623069827,0.2350776195526123,123.13845682144165,11565,LOGGI004112,192.168.15.44,123.13845682144165,0,514,67d8a_00038
-90.40279388427734,62.068275451660156,-91.05063697814941,-31.98471450805664,-217.87890625,False,,,515,df56d049a1394f4ea8c390780f417f3f,2021-06-07_09-43-47,1623069827,0.2308194637298584,123.36927628517151,11565,LOGGI004112,192.168.15.44,123.36927628517151,0,515,67d8a_00038
-90.32025146484375,62.068275451660156,-91.0822071838379,-31.98471450805664,-156.53961181640625,False,,,516,df56d049a1394f4ea8c390780f417f3f,2021-06-07_09-43-47,1623069827,0.2700462341308594,123.63932251930237,11565,LOGGI004112,192.168.15.44,123.63932251930237,0,516,67d8a_00038
-90.23040008544922,62.068275451660156,-93.10019958496093,-31.98471450805664,-162.89712524414062,False,,,517,df56d049a1394f4ea8c390780f417f3f,2021-06-07_09-43-48,1623069828,0.3667290210723877,124.00605154037476,11565,LOGGI004112,192.168.15.44,124.00605154037476,0,517,67d8a_00038
-90.14990234375,62.068275451660156,-93.09275749206543,-31.98471450805664,-167.1406707763672,False,,,518,df56d049a1394f4ea8c390780f417f3f,2021-06-07_09-43-48,1623069828,0.2491321563720703,124.25518369674683,11565,LOGGI004112,192.168.15.44,124.25518369674683,0,518,67d8a_00038
-90.07207489013672,62.068275451660156,-92.93528308868409,-36.392433166503906,-167.1406707763672,False,,,519,df56d049a1394f4ea8c390780f417f3f,2021-06-07_09-43-48,1623069828,0.19108295440673828,124.44626665115356,11565,LOGGI004112,192.168.15.44,124.44626665115356,0,519,67d8a_00038
-89.99847412109375,62.068275451660156,-92.28365592956543,-36.392433166503906,-167.1406707763672,False,,,520,df56d049a1394f4ea8c390780f417f3f,2021-06-07_09-43-48,1623069828,0.18432903289794922,124.63059568405151,11565,LOGGI004112,192.168.15.44,124.63059568405151,0,520,67d8a_00038
-89.93060302734375,62.068275451660156,-89.30571273803712,-36.392433166503906,-167.1406707763672,False,,,521,df56d049a1394f4ea8c390780f417f3f,2021-06-07_09-43-48,1623069828,0.1937239170074463,124.82431960105896,11565,LOGGI004112,192.168.15.44,124.82431960105896,0,521,67d8a_00038
-89.87139892578125,62.068275451660156,-90.5539945602417,-36.392433166503906,-167.1406707763672,False,,,522,df56d049a1394f4ea8c390780f417f3f,2021-06-07_09-43-49,1623069829,0.20609188079833984,125.0304114818573,11565,LOGGI004112,192.168.15.44,125.0304114818573,0,522,67d8a_00038
-89.79791259765625,62.068275451660156,-91.07414928436279,-36.392433166503906,-167.1406707763672,False,,,523,df56d049a1394f4ea8c390780f417f3f,2021-06-07_09-43-49,1623069829,0.20553231239318848,125.23594379425049,11565,LOGGI004112,192.168.15.44,125.23594379425049,0,523,67d8a_00038
-89.71397399902344,62.068275451660156,-91.95712841033935,-37.469154357910156,-167.1406707763672,False,,,524,df56d049a1394f4ea8c390780f417f3f,2021-06-07_09-43-49,1623069829,0.2017195224761963,125.43766331672668,11565,LOGGI004112,192.168.15.44,125.43766331672668,0,524,67d8a_00038
-89.61180114746094,62.068275451660156,-92.64760360717773,-37.469154357910156,-250.8735809326172,False,,,525,df56d049a1394f4ea8c390780f417f3f,2021-06-07_09-43-49,1623069829,0.18590974807739258,125.62357306480408,11565,LOGGI004112,192.168.15.44,125.62357306480408,0,525,67d8a_00038
-89.52281188964844,62.068275451660156,-94.71252578735351,-37.469154357910156,-250.8735809326172,False,,,526,df56d049a1394f4ea8c390780f417f3f,2021-06-07_09-43-49,1623069829,0.18206119537353516,125.80563426017761,11565,LOGGI004112,192.168.15.44,125.80563426017761,0,526,67d8a_00038
-89.45071411132812,62.068275451660156,-90.73330478668213,-37.469154357910156,-250.8735809326172,False,,,527,df56d049a1394f4ea8c390780f417f3f,2021-06-07_09-43-50,1623069830,0.18248224258422852,125.98811650276184,11565,LOGGI004112,192.168.15.44,125.98811650276184,0,527,67d8a_00038
-89.37084197998047,62.068275451660156,-88.24138153076171,-37.469154357910156,-250.8735809326172,False,,,528,df56d049a1394f4ea8c390780f417f3f,2021-06-07_09-43-50,1623069830,0.19714879989624023,126.18526530265808,11565,LOGGI004112,192.168.15.44,126.18526530265808,0,528,67d8a_00038
-89.28639221191406,62.068275451660156,-87.72581783294677,-37.469154357910156,-250.8735809326172,False,,,529,df56d049a1394f4ea8c390780f417f3f,2021-06-07_09-43-50,1623069830,0.1953279972076416,126.38059329986572,11565,LOGGI004112,192.168.15.44,126.38059329986572,0,529,67d8a_00038
-89.20872497558594,62.068275451660156,-87.07836975097656,-33.68183517456055,-250.8735809326172,False,,,530,df56d049a1394f4ea8c390780f417f3f,2021-06-07_09-43-50,1623069830,0.2161087989807129,126.59670209884644,11565,LOGGI004112,192.168.15.44,126.59670209884644,0,530,67d8a_00038
-89.09980010986328,62.068275451660156,-91.39244132995606,-33.68183517456055,-250.8735809326172,False,,,531,df56d049a1394f4ea8c390780f417f3f,2021-06-07_09-43-50,1623069830,0.22752952575683594,126.82423162460327,11565,LOGGI004112,192.168.15.44,126.82423162460327,0,531,67d8a_00038
-89.02383422851562,62.068275451660156,-90.75921253204346,-33.68183517456055,-250.8735809326172,False,,,532,df56d049a1394f4ea8c390780f417f3f,2021-06-07_09-43-51,1623069831,0.28388524055480957,127.10811686515808,11565,LOGGI004112,192.168.15.44,127.10811686515808,0,532,67d8a_00038
-88.95049285888672,62.068275451660156,-90.82630252838135,-33.68183517456055,-250.8735809326172,False,,,533,df56d049a1394f4ea8c390780f417f3f,2021-06-07_09-43-51,1623069831,0.1757035255432129,127.2838203907013,11565,LOGGI004112,192.168.15.44,127.2838203907013,0,533,67d8a_00038
-88.8896255493164,62.068275451660156,-89.11368446350097,-33.68183517456055,-250.8735809326172,False,,,534,df56d049a1394f4ea8c390780f417f3f,2021-06-07_09-43-51,1623069831,0.21168255805969238,127.49550294876099,11565,LOGGI004112,192.168.15.44,127.49550294876099,0,534,67d8a_00038
-88.81475830078125,62.068275451660156,-87.14247646331788,-33.68183517456055,-206.6303253173828,False,,,535,df56d049a1394f4ea8c390780f417f3f,2021-06-07_09-43-51,1623069831,0.17609858512878418,127.67160153388977,11565,LOGGI004112,192.168.15.44,127.67160153388977,0,535,67d8a_00038
-88.74391174316406,62.068275451660156,-85.56552600860596,-33.68183517456055,-206.6303253173828,False,,,536,df56d049a1394f4ea8c390780f417f3f,2021-06-07_09-43-52,1623069832,0.1887655258178711,127.86036705970764,11565,LOGGI004112,192.168.15.44,127.86036705970764,0,536,67d8a_00038
-88.65875244140625,62.068275451660156,-88.30119972229004,-33.68183517456055,-206.6303253173828,False,,,537,df56d049a1394f4ea8c390780f417f3f,2021-06-07_09-43-52,1623069832,0.18853044509887695,128.04889750480652,11565,LOGGI004112,192.168.15.44,128.04889750480652,0,537,67d8a_00038
-88.59185791015625,62.068275451660156,-88.74327545166015,-33.68183517456055,-206.6303253173828,False,,,538,df56d049a1394f4ea8c390780f417f3f,2021-06-07_09-43-52,1623069832,0.1829845905303955,128.2318820953369,11565,LOGGI004112,192.168.15.44,128.2318820953369,0,538,67d8a_00038
-88.52124786376953,62.068275451660156,-89.31016750335694,-33.68183517456055,-206.6303253173828,False,,,539,df56d049a1394f4ea8c390780f417f3f,2021-06-07_09-43-52,1623069832,0.19728827476501465,128.42917037010193,11565,LOGGI004112,192.168.15.44,128.42917037010193,0,539,67d8a_00038
-88.4398422241211,62.068275451660156,-90.11755210876464,-39.75830841064453,-206.6303253173828,False,,,540,df56d049a1394f4ea8c390780f417f3f,2021-06-07_09-43-52,1623069832,0.18819355964660645,128.61736392974854,11565,LOGGI004112,192.168.15.44,128.61736392974854,0,540,67d8a_00038
-88.37745666503906,62.068275451660156,-86.30344268798828,-39.75830841064453,-170.79400634765625,False,,,541,df56d049a1394f4ea8c390780f417f3f,2021-06-07_09-43-53,1623069833,0.20630097389221191,128.82366490364075,11565,LOGGI004112,192.168.15.44,128.82366490364075,0,541,67d8a_00038
-88.30484008789062,62.068275451660156,-87.99890678405762,-39.75830841064453,-170.79400634765625,False,,,542,df56d049a1394f4ea8c390780f417f3f,2021-06-07_09-43-53,1623069833,0.19374680519104004,129.0174117088318,11565,LOGGI004112,192.168.15.44,129.0174117088318,0,542,67d8a_00038
-88.24669647216797,62.068275451660156,-86.67702529907227,-39.75830841064453,-170.79400634765625,False,,,543,df56d049a1394f4ea8c390780f417f3f,2021-06-07_09-43-53,1623069833,0.20797467231750488,129.2253863811493,11565,LOGGI004112,192.168.15.44,129.2253863811493,0,543,67d8a_00038
-88.14593505859375,62.068275451660156,-90.06598117828369,-39.75830841064453,-193.40020751953125,False,,,544,df56d049a1394f4ea8c390780f417f3f,2021-06-07_09-43-53,1623069833,0.19774842262268066,129.42313480377197,11565,LOGGI004112,192.168.15.44,129.42313480377197,0,544,67d8a_00038
-88.09146881103516,62.068275451660156,-90.31289848327637,-39.75830841064453,-193.40020751953125,False,,,545,df56d049a1394f4ea8c390780f417f3f,2021-06-07_09-43-53,1623069833,0.21196961402893066,129.6351044178009,11565,LOGGI004112,192.168.15.44,129.6351044178009,0,545,67d8a_00038
-88.01029968261719,62.068275451660156,-89.34059692382813,-39.75830841064453,-193.40020751953125,False,,,546,df56d049a1394f4ea8c390780f417f3f,2021-06-07_09-43-54,1623069834,0.4634580612182617,130.09856247901917,11565,LOGGI004112,192.168.15.44,130.09856247901917,0,546,67d8a_00038
-87.92084503173828,62.068275451660156,-88.50255126953125,-39.75830841064453,-297.3424377441406,False,,,547,df56d049a1394f4ea8c390780f417f3f,2021-06-07_09-43-54,1623069834,0.34393954277038574,130.44250202178955,11565,LOGGI004112,192.168.15.44,130.44250202178955,0,547,67d8a_00038
-87.83545684814453,62.068275451660156,-89.81610168457031,-39.75830841064453,-297.3424377441406,False,,,548,df56d049a1394f4ea8c390780f417f3f,2021-06-07_09-43-54,1623069834,0.22995710372924805,130.6724591255188,11565,LOGGI004112,192.168.15.44,130.6724591255188,0,548,67d8a_00038
-87.76554870605469,62.068275451660156,-90.28810981750489,-41.70685577392578,-297.3424377441406,False,,,549,df56d049a1394f4ea8c390780f417f3f,2021-06-07_09-43-55,1623069835,0.24850010871887207,130.92095923423767,11565,LOGGI004112,192.168.15.44,130.92095923423767,0,549,67d8a_00038
-87.6961441040039,62.068275451660156,-89.93421527862549,-47.9070930480957,-297.3424377441406,False,,,550,df56d049a1394f4ea8c390780f417f3f,2021-06-07_09-43-55,1623069835,0.2363426685333252,131.157301902771,11565,LOGGI004112,192.168.15.44,131.157301902771,0,550,67d8a_00038
-87.62769317626953,62.068275451660156,-89.63865333557129,-47.9070930480957,-297.3424377441406,False,,,551,df56d049a1394f4ea8c390780f417f3f,2021-06-07_09-43-55,1623069835,0.23225688934326172,131.38955879211426,11565,LOGGI004112,192.168.15.44,131.38955879211426,0,551,67d8a_00038
-87.57740783691406,62.068275451660156,-86.62531295776367,-47.9070930480957,-297.3424377441406,False,,,552,df56d049a1394f4ea8c390780f417f3f,2021-06-07_09-43-55,1623069835,0.259185791015625,131.64874458312988,11565,LOGGI004112,192.168.15.44,131.64874458312988,0,552,67d8a_00038
-87.49567413330078,62.068275451660156,-86.25932430267333,-47.9070930480957,-297.3424377441406,False,,,553,df56d049a1394f4ea8c390780f417f3f,2021-06-07_09-43-56,1623069836,0.2438950538635254,131.8926396369934,11565,LOGGI004112,192.168.15.44,131.8926396369934,0,553,67d8a_00038
-87.42637634277344,62.068275451660156,-85.07566375732422,-47.9070930480957,-297.3424377441406,False,,,554,df56d049a1394f4ea8c390780f417f3f,2021-06-07_09-43-56,1623069836,0.20885491371154785,132.10149455070496,11565,LOGGI004112,192.168.15.44,132.10149455070496,0,554,67d8a_00038
-87.34607696533203,62.068275451660156,-84.99400428771973,-47.9070930480957,-297.3424377441406,False,,,555,df56d049a1394f4ea8c390780f417f3f,2021-06-07_09-43-56,1623069836,0.19221878051757812,132.29371333122253,11565,LOGGI004112,192.168.15.44,132.29371333122253,0,555,67d8a_00038
-87.2860107421875,62.068275451660156,-85.04967350006103,-42.84708023071289,-297.3424377441406,False,,,556,df56d049a1394f4ea8c390780f417f3f,2021-06-07_09-43-56,1623069836,0.20851874351501465,132.50223207473755,11565,LOGGI004112,192.168.15.44,132.50223207473755,0,556,67d8a_00038
-87.22408294677734,62.068275451660156,-84.1152061843872,-30.947826385498047,-165.53135681152344,False,,,557,df56d049a1394f4ea8c390780f417f3f,2021-06-07_09-43-57,1623069837,0.21423840522766113,132.7164704799652,11565,LOGGI004112,192.168.15.44,132.7164704799652,0,557,67d8a_00038
-87.16099548339844,62.068275451660156,-82.18920551300049,-30.947826385498047,-165.53135681152344,False,,,558,df56d049a1394f4ea8c390780f417f3f,2021-06-07_09-43-57,1623069837,0.21097946166992188,132.92744994163513,11565,LOGGI004112,192.168.15.44,132.92744994163513,0,558,67d8a_00038
-87.0811767578125,62.068275451660156,-82.078786277771,-30.947826385498047,-179.48834228515625,False,,,559,df56d049a1394f4ea8c390780f417f3f,2021-06-07_09-43-57,1623069837,0.21680140495300293,133.14425134658813,11565,LOGGI004112,192.168.15.44,133.14425134658813,0,559,67d8a_00038
-87.01826477050781,62.068275451660156,-82.4677084350586,-30.947826385498047,-179.48834228515625,False,,,560,df56d049a1394f4ea8c390780f417f3f,2021-06-07_09-43-57,1623069837,0.21768498420715332,133.3619363307953,11565,LOGGI004112,192.168.15.44,133.3619363307953,0,560,67d8a_00038
-86.96925354003906,62.068275451660156,-81.61565647125244,-30.947826385498047,-179.48834228515625,False,,,561,df56d049a1394f4ea8c390780f417f3f,2021-06-07_09-43-58,1623069838,0.23473095893859863,133.5966672897339,11565,LOGGI004112,192.168.15.44,133.5966672897339,0,561,67d8a_00038
-86.8902816772461,62.068275451660156,-83.87666584014893,-30.947826385498047,-198.571044921875,False,,,562,df56d049a1394f4ea8c390780f417f3f,2021-06-07_09-43-58,1623069838,0.1506481170654297,133.74731540679932,11565,LOGGI004112,192.168.15.44,133.74731540679932,0,562,67d8a_00038
-86.82847595214844,62.068275451660156,-84.8375036239624,-30.947826385498047,-198.571044921875,False,,,563,df56d049a1394f4ea8c390780f417f3f,2021-06-07_09-43-58,1623069838,0.1857140064239502,133.93302941322327,11565,LOGGI004112,192.168.15.44,133.93302941322327,0,563,67d8a_00038
-86.75370025634766,62.068275451660156,-84.0884321975708,-30.947826385498047,-234.9131317138672,False,,,564,df56d049a1394f4ea8c390780f417f3f,2021-06-07_09-43-58,1623069838,0.19375967979431152,134.12678909301758,11565,LOGGI004112,192.168.15.44,134.12678909301758,0,564,67d8a_00038
-86.69078063964844,62.068275451660156,-82.964310836792,-30.947826385498047,-234.9131317138672,False,,,565,df56d049a1394f4ea8c390780f417f3f,2021-06-07_09-43-58,1623069838,0.2160811424255371,134.34287023544312,11565,LOGGI004112,192.168.15.44,134.34287023544312,0,565,67d8a_00038
-86.6107406616211,62.068275451660156,-85.52362510681152,-30.947826385498047,-234.9131317138672,False,,,566,df56d049a1394f4ea8c390780f417f3f,2021-06-07_09-43-59,1623069839,0.22350335121154785,134.56637358665466,11565,LOGGI004112,192.168.15.44,134.56637358665466,0,566,67d8a_00038
-86.56409454345703,62.068275451660156,-85.23136093139648,-43.46028518676758,-234.9131317138672,False,,,567,df56d049a1394f4ea8c390780f417f3f,2021-06-07_09-43-59,1623069839,0.1837780475616455,134.7501516342163,11565,LOGGI004112,192.168.15.44,134.7501516342163,0,567,67d8a_00038
-86.49134826660156,62.068275451660156,-87.17882690429687,-43.46028518676758,-234.9131317138672,False,,,568,df56d049a1394f4ea8c390780f417f3f,2021-06-07_09-43-59,1623069839,0.17534542083740234,134.9254970550537,11565,LOGGI004112,192.168.15.44,134.9254970550537,0,568,67d8a_00038
-86.4222183227539,62.068275451660156,-86.91791694641114,-43.46028518676758,-234.9131317138672,False,,,569,df56d049a1394f4ea8c390780f417f3f,2021-06-07_09-43-59,1623069839,0.19291472434997559,135.1184117794037,11565,LOGGI004112,192.168.15.44,135.1184117794037,0,569,67d8a_00038
-86.35401916503906,62.068275451660156,-87.2461040878296,-43.95576477050781,-234.9131317138672,False,,,570,df56d049a1394f4ea8c390780f417f3f,2021-06-07_09-43-59,1623069839,0.18604302406311035,135.3044548034668,11565,LOGGI004112,192.168.15.44,135.3044548034668,0,570,67d8a_00038
-86.29723358154297,62.068275451660156,-88.12927143096924,-43.95576477050781,-234.9131317138672,False,,,571,df56d049a1394f4ea8c390780f417f3f,2021-06-07_09-43-59,1623069839,0.18541479110717773,135.48986959457397,11565,LOGGI004112,192.168.15.44,135.48986959457397,0,571,67d8a_00038
-86.23136901855469,62.068275451660156,-86.88492370605469,-43.95576477050781,-234.9131317138672,False,,,572,df56d049a1394f4ea8c390780f417f3f,2021-06-07_09-44-00,1623069840,0.3021245002746582,135.79199409484863,11565,LOGGI004112,192.168.15.44,135.79199409484863,0,572,67d8a_00038
-86.1669921875,62.068275451660156,-87.00855560302735,-48.168460845947266,-234.9131317138672,False,,,573,df56d049a1394f4ea8c390780f417f3f,2021-06-07_09-44-00,1623069840,0.34746527671813965,136.13945937156677,11565,LOGGI004112,192.168.15.44,136.13945937156677,0,573,67d8a_00038
-86.11872863769531,62.068275451660156,-85.70987773895264,-46.698890686035156,-200.78524780273438,False,,,574,df56d049a1394f4ea8c390780f417f3f,2021-06-07_09-44-00,1623069840,0.194136381149292,136.33359575271606,11565,LOGGI004112,192.168.15.44,136.33359575271606,0,574,67d8a_00038
-86.03549194335938,62.068275451660156,-87.89560466766358,-46.698890686035156,-200.78524780273438,False,,,575,df56d049a1394f4ea8c390780f417f3f,2021-06-07_09-44-01,1623069841,0.19067955017089844,136.52427530288696,11565,LOGGI004112,192.168.15.44,136.52427530288696,0,575,67d8a_00038
-85.98532104492188,62.068275451660156,-84.41805564880372,-46.698890686035156,-169.509765625,False,,,576,df56d049a1394f4ea8c390780f417f3f,2021-06-07_09-44-01,1623069841,0.22069525718688965,136.74497056007385,11565,LOGGI004112,192.168.15.44,136.74497056007385,0,576,67d8a_00038
-85.9191665649414,62.068275451660156,-85.23708656311035,-46.698890686035156,-169.509765625,False,,,577,df56d049a1394f4ea8c390780f417f3f,2021-06-07_09-44-01,1623069841,0.22003960609436035,136.9650101661682,11565,LOGGI004112,192.168.15.44,136.9650101661682,0,577,67d8a_00038
-85.85935974121094,62.068275451660156,-85.07627281188965,-46.698890686035156,-169.509765625,False,,,578,df56d049a1394f4ea8c390780f417f3f,2021-06-07_09-44-01,1623069841,0.2099301815032959,137.1749403476715,11565,LOGGI004112,192.168.15.44,137.1749403476715,0,578,67d8a_00038
-85.80126953125,62.068275451660156,-84.01341938018798,-31.073192596435547,-206.11512756347656,False,,,579,df56d049a1394f4ea8c390780f417f3f,2021-06-07_09-44-01,1623069841,0.2055823802947998,137.3805227279663,11565,LOGGI004112,192.168.15.44,137.3805227279663,0,579,67d8a_00038
-85.73371887207031,62.068275451660156,-83.7618690109253,-31.073192596435547,-206.11512756347656,False,,,580,df56d049a1394f4ea8c390780f417f3f,2021-06-07_09-44-02,1623069842,0.19091343879699707,137.5714361667633,11565,LOGGI004112,192.168.15.44,137.5714361667633,0,580,67d8a_00038
-85.6611557006836,62.068275451660156,-84.40257843017578,-31.073192596435547,-206.11512756347656,False,,,581,df56d049a1394f4ea8c390780f417f3f,2021-06-07_09-44-02,1623069842,0.18017840385437012,137.75161457061768,11565,LOGGI004112,192.168.15.44,137.75161457061768,0,581,67d8a_00038
-85.59141540527344,62.068275451660156,-85.46744419097901,-31.073192596435547,-206.11512756347656,False,,,582,df56d049a1394f4ea8c390780f417f3f,2021-06-07_09-44-02,1623069842,0.19971227645874023,137.95132684707642,11565,LOGGI004112,192.168.15.44,137.95132684707642,0,582,67d8a_00038
-85.52940368652344,62.068275451660156,-84.82963344573974,-31.073192596435547,-206.11512756347656,False,,,583,df56d049a1394f4ea8c390780f417f3f,2021-06-07_09-44-02,1623069842,0.19614815711975098,138.14747500419617,11565,LOGGI004112,192.168.15.44,138.14747500419617,0,583,67d8a_00038
-85.47657775878906,62.068275451660156,-85.02769466400146,-31.073192596435547,-206.11512756347656,False,,,584,df56d049a1394f4ea8c390780f417f3f,2021-06-07_09-44-02,1623069842,0.18929052352905273,138.33676552772522,11565,LOGGI004112,192.168.15.44,138.33676552772522,0,584,67d8a_00038
-85.4198989868164,62.068275451660156,-83.45116905212403,-31.073192596435547,-206.11512756347656,False,,,585,df56d049a1394f4ea8c390780f417f3f,2021-06-07_09-44-03,1623069843,0.1977982521057129,138.53456377983093,11565,LOGGI004112,192.168.15.44,138.53456377983093,0,585,67d8a_00038
-85.36231994628906,62.068275451660156,-84.48837245941162,-31.073192596435547,-206.11512756347656,False,,,586,df56d049a1394f4ea8c390780f417f3f,2021-06-07_09-44-03,1623069843,0.20326685905456543,138.7378306388855,11565,LOGGI004112,192.168.15.44,138.7378306388855,0,586,67d8a_00038
-85.30764770507812,62.068275451660156,-84.24409351348876,-31.073192596435547,-206.11512756347656,False,,,587,df56d049a1394f4ea8c390780f417f3f,2021-06-07_09-44-03,1623069843,0.35369062423706055,139.09152126312256,11565,LOGGI004112,192.168.15.44,139.09152126312256,0,587,67d8a_00038
-85.25495147705078,62.068275451660156,-82.69880752563476,-31.073192596435547,-206.11512756347656,False,,,588,df56d049a1394f4ea8c390780f417f3f,2021-06-07_09-44-03,1623069843,0.25327134132385254,139.3447926044464,11565,LOGGI004112,192.168.15.44,139.3447926044464,0,588,67d8a_00038
-85.20995330810547,62.068275451660156,-84.61198268890381,-40.283878326416016,-174.18374633789062,False,,,589,df56d049a1394f4ea8c390780f417f3f,2021-06-07_09-44-04,1623069844,0.24745798110961914,139.59225058555603,11565,LOGGI004112,192.168.15.44,139.59225058555603,0,589,67d8a_00038
-85.16484832763672,62.068275451660156,-83.77442272186279,-40.283878326416016,-174.18374633789062,False,,,590,df56d049a1394f4ea8c390780f417f3f,2021-06-07_09-44-04,1623069844,0.23669838905334473,139.82894897460938,11565,LOGGI004112,192.168.15.44,139.82894897460938,0,590,67d8a_00038
-85.10012817382812,62.068275451660156,-84.53784503936768,-40.283878326416016,-174.18374633789062,False,,,591,df56d049a1394f4ea8c390780f417f3f,2021-06-07_09-44-04,1623069844,0.27104973793029785,140.09999871253967,11565,LOGGI004112,192.168.15.44,140.09999871253967,0,591,67d8a_00038
-85.05119323730469,62.068275451660156,-82.8968698501587,-40.283878326416016,-174.18374633789062,False,,,592,df56d049a1394f4ea8c390780f417f3f,2021-06-07_09-44-04,1623069844,0.2439863681793213,140.343985080719,11565,LOGGI004112,192.168.15.44,140.343985080719,0,592,67d8a_00038
-84.9935531616211,62.068275451660156,-83.0758574295044,-41.39956283569336,-174.18374633789062,False,,,593,df56d049a1394f4ea8c390780f417f3f,2021-06-07_09-44-05,1623069845,0.21825671195983887,140.56224179267883,11565,LOGGI004112,192.168.15.44,140.56224179267883,0,593,67d8a_00038
-84.93359375,62.068275451660156,-83.43098346710205,-39.926902770996094,-174.18374633789062,False,,,594,df56d049a1394f4ea8c390780f417f3f,2021-06-07_09-44-05,1623069845,0.22597622871398926,140.78821802139282,11565,LOGGI004112,192.168.15.44,140.78821802139282,0,594,67d8a_00038
-84.87831115722656,62.068275451660156,-84.4343962097168,-39.926902770996094,-174.18374633789062,False,,,595,df56d049a1394f4ea8c390780f417f3f,2021-06-07_09-44-05,1623069845,0.26594018936157227,141.0541582107544,11565,LOGGI004112,192.168.15.44,141.0541582107544,0,595,67d8a_00038
-84.82933044433594,62.068275451660156,-83.71831233978271,-38.036346435546875,-174.18374633789062,False,,,596,df56d049a1394f4ea8c390780f417f3f,2021-06-07_09-44-06,1623069846,0.29525089263916016,141.34940910339355,11565,LOGGI004112,192.168.15.44,141.34940910339355,0,596,67d8a_00038
-84.77984619140625,62.068275451660156,-82.76075950622558,-38.036346435546875,-153.3450927734375,False,,,597,df56d049a1394f4ea8c390780f417f3f,2021-06-07_09-44-06,1623069846,0.25283050537109375,141.60223960876465,11565,LOGGI004112,192.168.15.44,141.60223960876465,0,597,67d8a_00038
-84.71931457519531,62.068275451660156,-84.00092575073242,-38.036346435546875,-153.3450927734375,False,,,598,df56d049a1394f4ea8c390780f417f3f,2021-06-07_09-44-06,1623069846,0.2907581329345703,141.89299774169922,11565,LOGGI004112,192.168.15.44,141.89299774169922,0,598,67d8a_00038
-84.66695404052734,62.068275451660156,-84.1555860900879,-38.036346435546875,-176.6134490966797,False,,,599,df56d049a1394f4ea8c390780f417f3f,2021-06-07_09-44-07,1623069847,0.47345685958862305,142.36645460128784,11565,LOGGI004112,192.168.15.44,142.36645460128784,0,599,67d8a_00038
-84.61973571777344,62.068275451660156,-83.92519401550292,-37.150962829589844,-176.6134490966797,False,,,600,df56d049a1394f4ea8c390780f417f3f,2021-06-07_09-44-07,1623069847,0.2416095733642578,142.6080641746521,11565,LOGGI004112,192.168.15.44,142.6080641746521,0,600,67d8a_00038
-84.56513977050781,62.068275451660156,-82.817431640625,-37.150962829589844,-176.6134490966797,False,,,601,df56d049a1394f4ea8c390780f417f3f,2021-06-07_09-44-07,1623069847,0.22376251220703125,142.83182668685913,11565,LOGGI004112,192.168.15.44,142.83182668685913,0,601,67d8a_00038
-84.50958251953125,62.068275451660156,-84.22764450073242,-37.150962829589844,-176.6134490966797,False,,,602,df56d049a1394f4ea8c390780f417f3f,2021-06-07_09-44-07,1623069847,0.2769739627838135,143.10880064964294,11565,LOGGI004112,192.168.15.44,143.10880064964294,0,602,67d8a_00038
-84.45790100097656,62.068275451660156,-83.81251697540283,-36.06239700317383,-176.6134490966797,False,,,603,df56d049a1394f4ea8c390780f417f3f,2021-06-07_09-44-08,1623069848,0.2412576675415039,143.35005831718445,11565,LOGGI004112,192.168.15.44,143.35005831718445,0,603,67d8a_00038
-84.40869903564453,62.068275451660156,-84.65110637664795,-36.06239700317383,-176.6134490966797,False,,,604,df56d049a1394f4ea8c390780f417f3f,2021-06-07_09-44-08,1623069848,0.22437405586242676,143.57443237304688,11565,LOGGI004112,192.168.15.44,143.57443237304688,0,604,67d8a_00038
-84.34729766845703,62.068275451660156,-83.01908096313477,-27.477874755859375,-176.6134490966797,False,,,605,df56d049a1394f4ea8c390780f417f3f,2021-06-07_09-44-08,1623069848,0.23814129829406738,143.81257367134094,11565,LOGGI004112,192.168.15.44,143.81257367134094,0,605,67d8a_00038
-84.29676055908203,62.068275451660156,-83.71109176635743,-27.477874755859375,-176.6134490966797,False,,,606,df56d049a1394f4ea8c390780f417f3f,2021-06-07_09-44-08,1623069848,0.24634981155395508,144.0589234828949,11565,LOGGI004112,192.168.15.44,144.0589234828949,0,606,67d8a_00038
-84.2388916015625,62.068275451660156,-84.71940071105956,-27.477874755859375,-176.6134490966797,False,,,607,df56d049a1394f4ea8c390780f417f3f,2021-06-07_09-44-09,1623069849,0.3779885768890381,144.43691205978394,11565,LOGGI004112,192.168.15.44,144.43691205978394,0,607,67d8a_00038
-84.18621826171875,62.068275451660156,-84.07154361724854,-27.477874755859375,-176.6134490966797,False,,,608,df56d049a1394f4ea8c390780f417f3f,2021-06-07_09-44-09,1623069849,0.3814537525177002,144.81836581230164,11565,LOGGI004112,192.168.15.44,144.81836581230164,0,608,67d8a_00038
-84.11579132080078,62.068275451660156,-84.31948726654053,-27.477874755859375,-152.7675018310547,False,,,609,df56d049a1394f4ea8c390780f417f3f,2021-06-07_09-44-09,1623069849,0.19905829429626465,145.0174241065979,11565,LOGGI004112,192.168.15.44,145.0174241065979,0,609,67d8a_00038
-84.06019592285156,62.068275451660156,-86.18536933898926,-27.477874755859375,-152.7675018310547,False,,,610,df56d049a1394f4ea8c390780f417f3f,2021-06-07_09-44-10,1623069850,0.22856616973876953,145.24599027633667,11565,LOGGI004112,192.168.15.44,145.24599027633667,0,610,67d8a_00038
-84.01415252685547,62.068275451660156,-85.66816104888916,-27.477874755859375,-152.7675018310547,False,,,611,df56d049a1394f4ea8c390780f417f3f,2021-06-07_09-44-10,1623069850,0.22365379333496094,145.46964406967163,11565,LOGGI004112,192.168.15.44,145.46964406967163,0,611,67d8a_00038
-83.95085144042969,62.068275451660156,-86.79182392120362,-27.477874755859375,-156.60214233398438,False,,,612,df56d049a1394f4ea8c390780f417f3f,2021-06-07_09-44-10,1623069850,0.22540926933288574,145.69505333900452,11565,LOGGI004112,192.168.15.44,145.69505333900452,0,612,67d8a_00038
-83.89259338378906,62.068275451660156,-87.34090866088867,-27.477874755859375,-156.60214233398438,False,,,613,df56d049a1394f4ea8c390780f417f3f,2021-06-07_09-44-10,1623069850,0.2191920280456543,145.91424536705017,11565,LOGGI004112,192.168.15.44,145.91424536705017,0,613,67d8a_00038
-83.8431167602539,62.068275451660156,-86.83650657653808,-27.477874755859375,-156.60214233398438,False,,,614,df56d049a1394f4ea8c390780f417f3f,2021-06-07_09-44-10,1623069850,0.22376441955566406,146.13800978660583,11565,LOGGI004112,192.168.15.44,146.13800978660583,0,614,67d8a_00038
-83.78993225097656,62.068275451660156,-87.92587741851807,-38.80852508544922,-156.60214233398438,False,,,615,df56d049a1394f4ea8c390780f417f3f,2021-06-07_09-44-11,1623069851,0.22257018089294434,146.36057996749878,11565,LOGGI004112,192.168.15.44,146.36057996749878,0,615,67d8a_00038
-83.7419204711914,62.068275451660156,-88.57007621765136,-38.80852508544922,-156.60214233398438,False,,,616,df56d049a1394f4ea8c390780f417f3f,2021-06-07_09-44-11,1623069851,0.22443556785583496,146.58501553535461,11565,LOGGI004112,192.168.15.44,146.58501553535461,0,616,67d8a_00038
-83.68255615234375,62.068275451660156,-88.7831262588501,-38.80852508544922,-156.60214233398438,False,,,617,df56d049a1394f4ea8c390780f417f3f,2021-06-07_09-44-11,1623069851,0.24591660499572754,146.83093214035034,11565,LOGGI004112,192.168.15.44,146.83093214035034,0,617,67d8a_00038
-83.62834167480469,62.068275451660156,-88.55562984466553,-38.0606689453125,-156.60214233398438,False,,,618,df56d049a1394f4ea8c390780f417f3f,2021-06-07_09-44-11,1623069851,0.23432016372680664,147.06525230407715,11565,LOGGI004112,192.168.15.44,147.06525230407715,0,618,67d8a_00038
-83.57461547851562,62.068275451660156,-86.67130996704101,-38.0606689453125,-156.60214233398438,False,,,619,df56d049a1394f4ea8c390780f417f3f,2021-06-07_09-44-12,1623069852,0.23717689514160156,147.30242919921875,11565,LOGGI004112,192.168.15.44,147.30242919921875,0,619,67d8a_00038
-83.53290557861328,62.068275451660156,-84.97735397338867,-36.93501663208008,-156.60214233398438,False,,,620,df56d049a1394f4ea8c390780f417f3f,2021-06-07_09-44-12,1623069852,0.2359170913696289,147.53834629058838,11565,LOGGI004112,192.168.15.44,147.53834629058838,0,620,67d8a_00038
-83.48946380615234,62.068275451660156,-85.26611263275146,-36.93501663208008,-156.60214233398438,False,,,621,df56d049a1394f4ea8c390780f417f3f,2021-06-07_09-44-12,1623069852,0.25624918937683105,147.7945954799652,11565,LOGGI004112,192.168.15.44,147.7945954799652,0,621,67d8a_00038
-83.44845581054688,62.068275451660156,-81.75434516906738,-36.93501663208008,-148.23464965820312,False,,,622,df56d049a1394f4ea8c390780f417f3f,2021-06-07_09-44-13,1623069853,0.34488916397094727,148.13948464393616,11565,LOGGI004112,192.168.15.44,148.13948464393616,0,622,67d8a_00038
-83.38929748535156,62.068275451660156,-81.35102611541748,-36.93501663208008,-148.23464965820312,False,,,623,df56d049a1394f4ea8c390780f417f3f,2021-06-07_09-44-13,1623069853,0.19817280769348145,148.33765745162964,11565,LOGGI004112,192.168.15.44,148.33765745162964,0,623,67d8a_00038
-83.33436584472656,62.068275451660156,-81.0385506439209,-36.93501663208008,-139.6402587890625,False,,,624,df56d049a1394f4ea8c390780f417f3f,2021-06-07_09-44-13,1623069853,0.19261741638183594,148.53027486801147,11565,LOGGI004112,192.168.15.44,148.53027486801147,0,624,67d8a_00038
-83.27651977539062,62.068275451660156,-81.67748664855957,-36.93501663208008,-189.04098510742188,False,,,625,df56d049a1394f4ea8c390780f417f3f,2021-06-07_09-44-13,1623069853,0.23130321502685547,148.76157808303833,11565,LOGGI004112,192.168.15.44,148.76157808303833,0,625,67d8a_00038
-83.2101058959961,62.068275451660156,-82.8337826538086,-36.93501663208008,-189.04098510742188,False,,,626,df56d049a1394f4ea8c390780f417f3f,2021-06-07_09-44-13,1623069853,0.2383594512939453,148.99993753433228,11565,LOGGI004112,192.168.15.44,148.99993753433228,0,626,67d8a_00038
-83.16311645507812,62.068275451660156,-84.25863754272461,-36.93501663208008,-189.04098510742188,False,,,627,df56d049a1394f4ea8c390780f417f3f,2021-06-07_09-44-14,1623069854,0.23299574851989746,149.23293328285217,11565,LOGGI004112,192.168.15.44,149.23293328285217,0,627,67d8a_00038
-83.10855102539062,62.068275451660156,-83.4554732131958,-36.93501663208008,-189.04098510742188,False,,,628,df56d049a1394f4ea8c390780f417f3f,2021-06-07_09-44-14,1623069854,0.22989296913146973,149.46282625198364,11565,LOGGI004112,192.168.15.44,149.46282625198364,0,628,67d8a_00038
-83.03702545166016,62.068275451660156,-85.69631923675537,-36.93501663208008,-189.04098510742188,False,,,629,df56d049a1394f4ea8c390780f417f3f,2021-06-07_09-44-14,1623069854,0.22351884841918945,149.68634510040283,11565,LOGGI004112,192.168.15.44,149.68634510040283,0,629,67d8a_00038
-82.99287414550781,62.068275451660156,-86.38366542816162,-37.58906555175781,-189.04098510742188,False,,,630,df56d049a1394f4ea8c390780f417f3f,2021-06-07_09-44-14,1623069854,0.22402501106262207,149.91037011146545,11565,LOGGI004112,192.168.15.44,149.91037011146545,0,630,67d8a_00038
-82.97007751464844,62.068275451660156,-85.40597244262695,-37.58906555175781,-189.04098510742188,False,,,631,df56d049a1394f4ea8c390780f417f3f,2021-06-07_09-44-15,1623069855,0.21971607208251953,150.13008618354797,11565,LOGGI004112,192.168.15.44,150.13008618354797,0,631,67d8a_00038
-82.90122985839844,62.068275451660156,-86.3940765762329,-37.58906555175781,-189.04098510742188,False,,,632,df56d049a1394f4ea8c390780f417f3f,2021-06-07_09-44-15,1623069855,0.2232990264892578,150.35338521003723,11565,LOGGI004112,192.168.15.44,150.35338521003723,0,632,67d8a_00038
-82.85226440429688,62.068275451660156,-86.58075454711914,-37.58906555175781,-189.04098510742188,False,,,633,df56d049a1394f4ea8c390780f417f3f,2021-06-07_09-44-15,1623069855,0.24071288108825684,150.5940980911255,11565,LOGGI004112,192.168.15.44,150.5940980911255,0,633,67d8a_00038
-82.79771423339844,62.068275451660156,-86.95335418701171,-37.58906555175781,-189.04098510742188,False,,,634,df56d049a1394f4ea8c390780f417f3f,2021-06-07_09-44-15,1623069855,0.32335782051086426,150.91745591163635,11565,LOGGI004112,192.168.15.44,150.91745591163635,0,634,67d8a_00038
-82.75006103515625,62.068275451660156,-85.26440532684326,-37.58906555175781,-172.70167541503906,False,,,635,df56d049a1394f4ea8c390780f417f3f,2021-06-07_09-44-16,1623069856,0.37769460678100586,151.29515051841736,11565,LOGGI004112,192.168.15.44,151.29515051841736,0,635,67d8a_00038
-82.70660400390625,62.068275451660156,-83.84510478973388,-37.58906555175781,-163.23751831054688,False,,,636,df56d049a1394f4ea8c390780f417f3f,2021-06-07_09-44-16,1623069856,0.22880983352661133,151.52396035194397,11565,LOGGI004112,192.168.15.44,151.52396035194397,0,636,67d8a_00038
-82.65435791015625,62.068275451660156,-81.04020221710205,-37.58906555175781,-163.23751831054688,False,,,637,df56d049a1394f4ea8c390780f417f3f,2021-06-07_09-44-16,1623069856,0.27671170234680176,151.80067205429077,11565,LOGGI004112,192.168.15.44,151.80067205429077,0,637,67d8a_00038
-82.59090423583984,62.068275451660156,-82.943635597229,-39.484344482421875,-163.23751831054688,False,,,638,df56d049a1394f4ea8c390780f417f3f,2021-06-07_09-44-17,1623069857,0.432326078414917,152.2329981327057,11565,LOGGI004112,192.168.15.44,152.2329981327057,0,638,67d8a_00038
-82.5537109375,62.068275451660156,-79.58308570861817,-39.484344482421875,-163.23751831054688,False,,,639,df56d049a1394f4ea8c390780f417f3f,2021-06-07_09-44-17,1623069857,0.26523327827453613,152.49823141098022,11565,LOGGI004112,192.168.15.44,152.49823141098022,0,639,67d8a_00038
-82.50546264648438,62.068275451660156,-78.76194194793702,-39.484344482421875,-163.23751831054688,False,,,640,df56d049a1394f4ea8c390780f417f3f,2021-06-07_09-44-17,1623069857,0.34269237518310547,152.84092378616333,11565,LOGGI004112,192.168.15.44,152.84092378616333,0,640,67d8a_00038
-82.45719909667969,62.068275451660156,-80.57950874328613,-39.484344482421875,-163.23751831054688,False,,,641,df56d049a1394f4ea8c390780f417f3f,2021-06-07_09-44-18,1623069858,0.19241642951965332,153.03334021568298,11565,LOGGI004112,192.168.15.44,153.03334021568298,0,641,67d8a_00038
-82.40795135498047,62.068275451660156,-82.1383888244629,-39.484344482421875,-163.23751831054688,False,,,642,df56d049a1394f4ea8c390780f417f3f,2021-06-07_09-44-18,1623069858,0.18979144096374512,153.22313165664673,11565,LOGGI004112,192.168.15.44,153.22313165664673,0,642,67d8a_00038
-82.3514175415039,62.068275451660156,-82.42973007202148,-39.484344482421875,-163.23751831054688,False,,,643,df56d049a1394f4ea8c390780f417f3f,2021-06-07_09-44-18,1623069858,0.1854991912841797,153.4086308479309,11565,LOGGI004112,192.168.15.44,153.4086308479309,0,643,67d8a_00038
-82.30155944824219,62.068275451660156,-82.09662502288819,-39.484344482421875,-163.23751831054688,False,,,644,df56d049a1394f4ea8c390780f417f3f,2021-06-07_09-44-18,1623069858,0.19335675239562988,153.60198760032654,11565,LOGGI004112,192.168.15.44,153.60198760032654,0,644,67d8a_00038
-82.25208282470703,62.068275451660156,-83.15891704559326,-39.484344482421875,-163.23751831054688,False,,,645,df56d049a1394f4ea8c390780f417f3f,2021-06-07_09-44-18,1623069858,0.2575407028198242,153.85952830314636,11565,LOGGI004112,192.168.15.44,153.85952830314636,0,645,67d8a_00038
-82.20915985107422,62.068275451660156,-83.77527961730956,-39.484344482421875,-159.958740234375,False,,,646,df56d049a1394f4ea8c390780f417f3f,2021-06-07_09-44-19,1623069859,0.19048166275024414,154.0500099658966,11565,LOGGI004112,192.168.15.44,154.0500099658966,0,646,67d8a_00038
-82.16338348388672,62.068275451660156,-84.06184398651124,-46.97247314453125,-159.958740234375,False,,,647,df56d049a1394f4ea8c390780f417f3f,2021-06-07_09-44-19,1623069859,0.22153353691101074,154.27154350280762,11565,LOGGI004112,192.168.15.44,154.27154350280762,0,647,67d8a_00038
-82.11842346191406,62.068275451660156,-82.37774677276612,-43.838783264160156,-159.958740234375,False,,,648,df56d049a1394f4ea8c390780f417f3f,2021-06-07_09-44-19,1623069859,0.1857757568359375,154.45731925964355,11565,LOGGI004112,192.168.15.44,154.45731925964355,0,648,67d8a_00038
-82.07730102539062,62.068275451660156,-85.059139213562,-43.838783264160156,-159.958740234375,False,,,649,df56d049a1394f4ea8c390780f417f3f,2021-06-07_09-44-19,1623069859,0.26533985137939453,154.72265911102295,11565,LOGGI004112,192.168.15.44,154.72265911102295,0,649,67d8a_00038
-82.02511596679688,62.068275451660156,-85.20937397003173,-36.02582550048828,-159.958740234375,False,,,650,df56d049a1394f4ea8c390780f417f3f,2021-06-07_09-44-20,1623069860,0.1898341178894043,154.91249322891235,11565,LOGGI004112,192.168.15.44,154.91249322891235,0,650,67d8a_00038
-81.98263549804688,62.068275451660156,-83.74842197418212,-36.02582550048828,-155.40115356445312,False,,,651,df56d049a1394f4ea8c390780f417f3f,2021-06-07_09-44-20,1623069860,0.17654776573181152,155.08904099464417,11565,LOGGI004112,192.168.15.44,155.08904099464417,0,651,67d8a_00038
-81.93440246582031,62.068275451660156,-82.93617691040039,-36.02582550048828,-155.40115356445312,False,,,652,df56d049a1394f4ea8c390780f417f3f,2021-06-07_09-44-20,1623069860,0.1841139793395996,155.27315497398376,11565,LOGGI004112,192.168.15.44,155.27315497398376,0,652,67d8a_00038
-81.89846801757812,62.068275451660156,-80.90301155090332,-36.02582550048828,-155.40115356445312,False,,,653,df56d049a1394f4ea8c390780f417f3f,2021-06-07_09-44-20,1623069860,0.18186426162719727,155.45501923561096,11565,LOGGI004112,192.168.15.44,155.45501923561096,0,653,67d8a_00038
-81.85901641845703,62.068275451660156,-79.56445007324218,-36.02582550048828,-155.40115356445312,False,,,654,df56d049a1394f4ea8c390780f417f3f,2021-06-07_09-44-20,1623069860,0.19791722297668457,155.65293645858765,11565,LOGGI004112,192.168.15.44,155.65293645858765,0,654,67d8a_00038
-81.8167953491211,62.068275451660156,-79.85683757781982,-36.02582550048828,-155.40115356445312,False,,,655,df56d049a1394f4ea8c390780f417f3f,2021-06-07_09-44-21,1623069861,0.1837749481201172,155.83671140670776,11565,LOGGI004112,192.168.15.44,155.83671140670776,0,655,67d8a_00038
-81.77507019042969,62.068275451660156,-78.75352306365967,-36.02582550048828,-155.40115356445312,False,,,656,df56d049a1394f4ea8c390780f417f3f,2021-06-07_09-44-21,1623069861,0.17804503440856934,156.01475644111633,11565,LOGGI004112,192.168.15.44,156.01475644111633,0,656,67d8a_00038
-81.73680877685547,62.068275451660156,-78.9466393661499,-36.02582550048828,-155.40115356445312,False,,,657,df56d049a1394f4ea8c390780f417f3f,2021-06-07_09-44-21,1623069861,0.19330286979675293,156.2080593109131,11565,LOGGI004112,192.168.15.44,156.2080593109131,0,657,67d8a_00038
-81.69506072998047,62.068275451660156,-79.57994472503663,-36.02582550048828,-155.40115356445312,False,,,658,df56d049a1394f4ea8c390780f417f3f,2021-06-07_09-44-21,1623069861,0.18486666679382324,156.3929259777069,11565,LOGGI004112,192.168.15.44,156.3929259777069,0,658,67d8a_00038
-81.64727783203125,62.068275451660156,-77.50800746917724,-36.02582550048828,-136.65736389160156,False,,,659,df56d049a1394f4ea8c390780f417f3f,2021-06-07_09-44-21,1623069861,0.2315223217010498,156.62444829940796,11565,LOGGI004112,192.168.15.44,156.62444829940796,0,659,67d8a_00038
-81.59777069091797,62.068275451660156,-77.38329669952392,-37.329864501953125,-136.65736389160156,False,,,660,df56d049a1394f4ea8c390780f417f3f,2021-06-07_09-44-22,1623069862,0.23459315299987793,156.85904145240784,11565,LOGGI004112,192.168.15.44,156.85904145240784,0,660,67d8a_00038
-81.56983947753906,62.068275451660156,-76.44292694091797,-30.932292938232422,-136.65736389160156,False,,,661,df56d049a1394f4ea8c390780f417f3f,2021-06-07_09-44-22,1623069862,0.255932092666626,157.11497354507446,11565,LOGGI004112,192.168.15.44,157.11497354507446,0,661,67d8a_00038
-81.52145385742188,62.068275451660156,-76.0878084564209,-30.932292938232422,-136.65736389160156,False,,,662,df56d049a1394f4ea8c390780f417f3f,2021-06-07_09-44-22,1623069862,0.23430752754211426,157.34928107261658,11565,LOGGI004112,192.168.15.44,157.34928107261658,0,662,67d8a_00038
-81.47000885009766,62.068275451660156,-77.45333328247071,-30.932292938232422,-136.65736389160156,False,,,663,df56d049a1394f4ea8c390780f417f3f,2021-06-07_09-44-22,1623069862,0.24596309661865234,157.59524416923523,11565,LOGGI004112,192.168.15.44,157.59524416923523,0,663,67d8a_00038
-81.43045806884766,62.068275451660156,-78.55156288146972,-30.932292938232422,-136.65736389160156,False,,,664,df56d049a1394f4ea8c390780f417f3f,2021-06-07_09-44-23,1623069863,0.3212161064147949,157.91646027565002,11565,LOGGI004112,192.168.15.44,157.91646027565002,0,664,67d8a_00038
-81.38565826416016,62.068275451660156,-78.42013397216797,-30.932292938232422,-153.1569061279297,False,,,665,df56d049a1394f4ea8c390780f417f3f,2021-06-07_09-44-23,1623069863,0.22271060943603516,158.13917088508606,11565,LOGGI004112,192.168.15.44,158.13917088508606,0,665,67d8a_00038
-81.34060668945312,62.068275451660156,-78.15964050292969,-30.932292938232422,-153.1569061279297,False,,,666,df56d049a1394f4ea8c390780f417f3f,2021-06-07_09-44-23,1623069863,0.22739744186401367,158.36656832695007,11565,LOGGI004112,192.168.15.44,158.36656832695007,0,666,67d8a_00038
-81.29151153564453,62.068275451660156,-79.73534519195556,-30.932292938232422,-153.1569061279297,False,,,667,df56d049a1394f4ea8c390780f417f3f,2021-06-07_09-44-23,1623069863,0.23805785179138184,158.60462617874146,11565,LOGGI004112,192.168.15.44,158.60462617874146,0,667,67d8a_00038
-81.24812316894531,62.068275451660156,-79.07364795684815,-30.932292938232422,-153.1569061279297,False,,,668,df56d049a1394f4ea8c390780f417f3f,2021-06-07_09-44-24,1623069864,0.2412421703338623,158.84586834907532,11565,LOGGI004112,192.168.15.44,158.84586834907532,0,668,67d8a_00038
-81.2018814086914,62.068275451660156,-79.36140621185302,-30.932292938232422,-153.1569061279297,False,,,669,df56d049a1394f4ea8c390780f417f3f,2021-06-07_09-44-24,1623069864,0.2215578556060791,159.0674262046814,11565,LOGGI004112,192.168.15.44,159.0674262046814,0,669,67d8a_00038
-81.14984130859375,62.068275451660156,-80.22740245819092,-30.932292938232422,-153.1569061279297,False,,,670,df56d049a1394f4ea8c390780f417f3f,2021-06-07_09-44-24,1623069864,0.24644780158996582,159.31387400627136,11565,LOGGI004112,192.168.15.44,159.31387400627136,0,670,67d8a_00038
-81.10282897949219,62.068275451660156,-82.41901000976563,-37.55323028564453,-153.1569061279297,False,,,671,df56d049a1394f4ea8c390780f417f3f,2021-06-07_09-44-24,1623069864,0.2298140525817871,159.54368805885315,11565,LOGGI004112,192.168.15.44,159.54368805885315,0,671,67d8a_00038
-81.06463623046875,62.068275451660156,-81.11425159454346,-39.38386535644531,-153.1569061279297,False,,,672,df56d049a1394f4ea8c390780f417f3f,2021-06-07_09-44-25,1623069865,0.22709989547729492,159.77078795433044,11565,LOGGI004112,192.168.15.44,159.77078795433044,0,672,67d8a_00038
-81.01669311523438,62.068275451660156,-81.15206119537353,-39.38386535644531,-153.1569061279297,False,,,673,df56d049a1394f4ea8c390780f417f3f,2021-06-07_09-44-25,1623069865,0.23618125915527344,160.00696921348572,11565,LOGGI004112,192.168.15.44,160.00696921348572,0,673,67d8a_00038
-80.9690170288086,62.068275451660156,-82.66580318450927,-39.38386535644531,-153.1569061279297,False,,,674,df56d049a1394f4ea8c390780f417f3f,2021-06-07_09-44-25,1623069865,0.400005578994751,160.40697479248047,11565,LOGGI004112,192.168.15.44,160.40697479248047,0,674,67d8a_00038
-80.93609619140625,62.068275451660156,-81.19041889190675,-26.61572265625,-147.63626098632812,False,,,675,df56d049a1394f4ea8c390780f417f3f,2021-06-07_09-44-26,1623069866,0.330078125,160.73705291748047,11565,LOGGI004112,192.168.15.44,160.73705291748047,0,675,67d8a_00038
-80.88347625732422,62.068275451660156,-82.92721115112305,-26.61572265625,-194.6537322998047,False,,,676,df56d049a1394f4ea8c390780f417f3f,2021-06-07_09-44-26,1623069866,0.37193894386291504,161.10899186134338,11565,LOGGI004112,192.168.15.44,161.10899186134338,0,676,67d8a_00038
-80.84181213378906,62.068275451660156,-81.05379947662354,-26.61572265625,-194.6537322998047,False,,,677,df56d049a1394f4ea8c390780f417f3f,2021-06-07_09-44-26,1623069866,0.22928357124328613,161.33827543258667,11565,LOGGI004112,192.168.15.44,161.33827543258667,0,677,67d8a_00038
-80.8000259399414,62.068275451660156,-80.92912200927735,-26.61572265625,-194.6537322998047,False,,,678,df56d049a1394f4ea8c390780f417f3f,2021-06-07_09-44-26,1623069866,0.20044565200805664,161.53872108459473,11565,LOGGI004112,192.168.15.44,161.53872108459473,0,678,67d8a_00038
-80.75802612304688,62.068275451660156,-80.98898761749268,-26.61572265625,-194.6537322998047,False,,,679,df56d049a1394f4ea8c390780f417f3f,2021-06-07_09-44-27,1623069867,0.19300127029418945,161.73172235488892,11565,LOGGI004112,192.168.15.44,161.73172235488892,0,679,67d8a_00038
-80.72249603271484,62.068275451660156,-80.39232280731201,-26.61572265625,-194.6537322998047,False,,,680,df56d049a1394f4ea8c390780f417f3f,2021-06-07_09-44-27,1623069867,0.19802522659301758,161.92974758148193,11565,LOGGI004112,192.168.15.44,161.92974758148193,0,680,67d8a_00038
-80.67240142822266,62.068275451660156,-79.54197673797607,-26.61572265625,-194.6537322998047,False,,,681,df56d049a1394f4ea8c390780f417f3f,2021-06-07_09-44-27,1623069867,0.19113731384277344,162.1208848953247,11565,LOGGI004112,192.168.15.44,162.1208848953247,0,681,67d8a_00038
-80.63458251953125,62.068275451660156,-80.37691482543946,-26.61572265625,-194.6537322998047,False,,,682,df56d049a1394f4ea8c390780f417f3f,2021-06-07_09-44-27,1623069867,0.18917393684387207,162.31005883216858,11565,LOGGI004112,192.168.15.44,162.31005883216858,0,682,67d8a_00038
-80.58150482177734,62.068275451660156,-81.31754615783692,-26.61572265625,-194.6537322998047,False,,,683,df56d049a1394f4ea8c390780f417f3f,2021-06-07_09-44-27,1623069867,0.19067049026489258,162.50072932243347,11565,LOGGI004112,192.168.15.44,162.50072932243347,0,683,67d8a_00038
-80.53942108154297,62.068275451660156,-82.17445075988769,-26.61572265625,-194.6537322998047,False,,,684,df56d049a1394f4ea8c390780f417f3f,2021-06-07_09-44-28,1623069868,0.1861436367034912,162.68687295913696,11565,LOGGI004112,192.168.15.44,162.68687295913696,0,684,67d8a_00038
-80.50879669189453,62.068275451660156,-83.05509567260742,-39.01960754394531,-194.6537322998047,False,,,685,df56d049a1394f4ea8c390780f417f3f,2021-06-07_09-44-28,1623069868,0.2452249526977539,162.93209791183472,11565,LOGGI004112,192.168.15.44,162.93209791183472,0,685,67d8a_00038
-80.47747802734375,62.068275451660156,-82.68124523162842,-39.01960754394531,-166.60986328125,False,,,686,df56d049a1394f4ea8c390780f417f3f,2021-06-07_09-44-28,1623069868,0.2449483871459961,163.1770462989807,11565,LOGGI004112,192.168.15.44,163.1770462989807,0,686,67d8a_00038
-80.447265625,62.068275451660156,-83.6227356338501,-39.01960754394531,-166.60986328125,False,,,687,df56d049a1394f4ea8c390780f417f3f,2021-06-07_09-44-28,1623069868,0.29538893699645996,163.47243523597717,11565,LOGGI004112,192.168.15.44,163.47243523597717,0,687,67d8a_00038
-80.39566802978516,62.068275451660156,-83.76259731292724,-39.01960754394531,-166.60986328125,False,,,688,df56d049a1394f4ea8c390780f417f3f,2021-06-07_09-44-29,1623069869,0.17463898658752441,163.6470742225647,11565,LOGGI004112,192.168.15.44,163.6470742225647,0,688,67d8a_00038
-80.35101318359375,62.068275451660156,-84.0005940246582,-39.01960754394531,-166.60986328125,False,,,689,df56d049a1394f4ea8c390780f417f3f,2021-06-07_09-44-29,1623069869,0.1780843734741211,163.82515859603882,11565,LOGGI004112,192.168.15.44,163.82515859603882,0,689,67d8a_00038
-80.32263946533203,62.068275451660156,-83.77638107299805,-39.01960754394531,-166.60986328125,False,,,690,df56d049a1394f4ea8c390780f417f3f,2021-06-07_09-44-29,1623069869,0.17821097373962402,164.00336956977844,11565,LOGGI004112,192.168.15.44,164.00336956977844,0,690,67d8a_00038
-80.30101013183594,62.068275451660156,-83.30497539520263,-26.293651580810547,-166.60986328125,False,,,691,df56d049a1394f4ea8c390780f417f3f,2021-06-07_09-44-29,1623069869,0.18298840522766113,164.1863579750061,11565,LOGGI004112,192.168.15.44,164.1863579750061,0,691,67d8a_00038
-80.2605972290039,62.068275451660156,-83.91305969238282,-26.293651580810547,-166.60986328125,False,,,692,df56d049a1394f4ea8c390780f417f3f,2021-06-07_09-44-29,1623069869,0.19113612174987793,164.37749409675598,11565,LOGGI004112,192.168.15.44,164.37749409675598,0,692,67d8a_00038
-80.21920776367188,62.068275451660156,-82.5308595275879,-26.293651580810547,-166.60986328125,False,,,693,df56d049a1394f4ea8c390780f417f3f,2021-06-07_09-44-30,1623069870,0.18541431427001953,164.562908411026,11565,LOGGI004112,192.168.15.44,164.562908411026,0,693,67d8a_00038
-80.19678497314453,62.068275451660156,-79.08526111602784,-26.293651580810547,-139.30197143554688,False,,,694,df56d049a1394f4ea8c390780f417f3f,2021-06-07_09-44-30,1623069870,0.17826128005981445,164.74116969108582,11565,LOGGI004112,192.168.15.44,164.74116969108582,0,694,67d8a_00038
-80.16340637207031,62.068275451660156,-78.99929080963135,-26.293651580810547,-161.78424072265625,False,,,695,df56d049a1394f4ea8c390780f417f3f,2021-06-07_09-44-30,1623069870,0.18356585502624512,164.92473554611206,11565,LOGGI004112,192.168.15.44,164.92473554611206,0,695,67d8a_00038
-80.14608001708984,62.068275451660156,-78.09217113494873,-26.293651580810547,-161.78424072265625,False,,,696,df56d049a1394f4ea8c390780f417f3f,2021-06-07_09-44-30,1623069870,0.18851900100708008,165.11325454711914,11565,LOGGI004112,192.168.15.44,165.11325454711914,0,696,67d8a_00038
-80.1028060913086,62.068275451660156,-77.443384475708,-26.293651580810547,-161.78424072265625,False,,,697,df56d049a1394f4ea8c390780f417f3f,2021-06-07_09-44-30,1623069870,0.26820945739746094,165.3814640045166,11565,LOGGI004112,192.168.15.44,165.3814640045166,0,697,67d8a_00038
-80.044921875,62.068275451660156,-78.2983884048462,-26.293651580810547,-161.78424072265625,False,,,698,df56d049a1394f4ea8c390780f417f3f,2021-06-07_09-44-31,1623069871,0.1760542392730713,165.55751824378967,11565,LOGGI004112,192.168.15.44,165.55751824378967,0,698,67d8a_00038
-79.97589874267578,62.068275451660156,-80.54123760223389,-26.293651580810547,-167.06492614746094,False,,,699,df56d049a1394f4ea8c390780f417f3f,2021-06-07_09-44-31,1623069871,0.19353294372558594,165.75105118751526,11565,LOGGI004112,192.168.15.44,165.75105118751526,0,699,67d8a_00038
-79.93382263183594,62.068275451660156,-81.73488906860352,-26.293651580810547,-167.06492614746094,False,,,700,df56d049a1394f4ea8c390780f417f3f,2021-06-07_09-44-31,1623069871,0.24774932861328125,165.99880051612854,11565,LOGGI004112,192.168.15.44,165.99880051612854,0,700,67d8a_00038
-79.89945983886719,62.068275451660156,-81.86889591217042,-34.18870544433594,-167.06492614746094,False,,,701,df56d049a1394f4ea8c390780f417f3f,2021-06-07_09-44-31,1623069871,0.21217036247253418,166.21097087860107,11565,LOGGI004112,192.168.15.44,166.21097087860107,0,701,67d8a_00038
-79.85742950439453,62.068275451660156,-81.48604625701904,-34.18870544433594,-167.06492614746094,False,,,702,df56d049a1394f4ea8c390780f417f3f,2021-06-07_09-44-32,1623069872,0.2739558219909668,166.48492670059204,11565,LOGGI004112,192.168.15.44,166.48492670059204,0,702,67d8a_00038
-79.82579803466797,62.068275451660156,-81.05653255462647,-37.25091552734375,-167.06492614746094,False,,,703,df56d049a1394f4ea8c390780f417f3f,2021-06-07_09-44-32,1623069872,0.2299027442932129,166.71482944488525,11565,LOGGI004112,192.168.15.44,166.71482944488525,0,703,67d8a_00038
-79.77070617675781,62.068275451660156,-82.76970264434814,-37.25091552734375,-167.06492614746094,False,,,704,df56d049a1394f4ea8c390780f417f3f,2021-06-07_09-44-32,1623069872,0.2210838794708252,166.93591332435608,11565,LOGGI004112,192.168.15.44,166.93591332435608,0,704,67d8a_00038
-79.73697662353516,62.068275451660156,-83.83514682769776,-39.62539291381836,-167.53997802734375,False,,,705,df56d049a1394f4ea8c390780f417f3f,2021-06-07_09-44-32,1623069872,0.20194602012634277,167.13785934448242,11565,LOGGI004112,192.168.15.44,167.13785934448242,0,705,67d8a_00038
-79.69349670410156,62.068275451660156,-83.41043022155762,-39.62539291381836,-167.53997802734375,False,,,706,df56d049a1394f4ea8c390780f417f3f,2021-06-07_09-44-32,1623069872,0.1973865032196045,167.33524584770203,11565,LOGGI004112,192.168.15.44,167.33524584770203,0,706,67d8a_00038
-79.6535873413086,62.068275451660156,-83.00591957092286,-36.54719161987305,-167.53997802734375,False,,,707,df56d049a1394f4ea8c390780f417f3f,2021-06-07_09-44-33,1623069873,0.2334270477294922,167.56867289543152,11565,LOGGI004112,192.168.15.44,167.56867289543152,0,707,67d8a_00038
-79.60880279541016,62.068275451660156,-82.38111686706543,-36.54719161987305,-167.53997802734375,False,,,708,df56d049a1394f4ea8c390780f417f3f,2021-06-07_09-44-33,1623069873,0.2538626194000244,167.82253551483154,11565,LOGGI004112,192.168.15.44,167.82253551483154,0,708,67d8a_00038
-79.57317352294922,62.068275451660156,-80.3231201171875,-36.54719161987305,-167.53997802734375,False,,,709,df56d049a1394f4ea8c390780f417f3f,2021-06-07_09-44-33,1623069873,0.23810076713562012,168.06063628196716,11565,LOGGI004112,192.168.15.44,168.06063628196716,0,709,67d8a_00038
-79.53839111328125,62.068275451660156,-79.78714572906495,-36.54719161987305,-167.53997802734375,False,,,710,df56d049a1394f4ea8c390780f417f3f,2021-06-07_09-44-33,1623069873,0.2662312984466553,168.32686758041382,11565,LOGGI004112,192.168.15.44,168.32686758041382,0,710,67d8a_00038
-79.5038833618164,62.068275451660156,-79.41631874084473,-36.54719161987305,-167.53997802734375,False,,,711,df56d049a1394f4ea8c390780f417f3f,2021-06-07_09-44-34,1623069874,0.28435778617858887,168.6112253665924,11565,LOGGI004112,192.168.15.44,168.6112253665924,0,711,67d8a_00038
-79.46454620361328,62.068275451660156,-79.40105152130127,-33.98051834106445,-167.53997802734375,False,,,712,df56d049a1394f4ea8c390780f417f3f,2021-06-07_09-44-34,1623069874,0.2489302158355713,168.86015558242798,11565,LOGGI004112,192.168.15.44,168.86015558242798,0,712,67d8a_00038
-79.42542266845703,62.068275451660156,-80.95359802246094,-33.98051834106445,-167.53997802734375,False,,,713,df56d049a1394f4ea8c390780f417f3f,2021-06-07_09-44-34,1623069874,0.23712849617004395,169.09728407859802,11565,LOGGI004112,192.168.15.44,169.09728407859802,0,713,67d8a_00038
-79.38021850585938,62.068275451660156,-81.89230808258057,-33.98051834106445,-167.53997802734375,False,,,714,df56d049a1394f4ea8c390780f417f3f,2021-06-07_09-44-35,1623069875,0.21156001091003418,169.30884408950806,11565,LOGGI004112,192.168.15.44,169.30884408950806,0,714,67d8a_00038
-79.35389709472656,62.068275451660156,-80.26635143280029,-33.98051834106445,-146.8511962890625,False,,,715,df56d049a1394f4ea8c390780f417f3f,2021-06-07_09-44-35,1623069875,0.2319033145904541,169.5407474040985,11565,LOGGI004112,192.168.15.44,169.5407474040985,0,715,67d8a_00038
-79.31806182861328,62.068275451660156,-79.74854782104492,-33.98051834106445,-146.8511962890625,False,,,716,df56d049a1394f4ea8c390780f417f3f,2021-06-07_09-44-35,1623069875,0.3382842540740967,169.8790316581726,11565,LOGGI004112,192.168.15.44,169.8790316581726,0,716,67d8a_00038
-79.2867660522461,62.068275451660156,-79.99506729125977,-33.98051834106445,-146.8511962890625,False,,,717,df56d049a1394f4ea8c390780f417f3f,2021-06-07_09-44-35,1623069875,0.2539944648742676,170.13302612304688,11565,LOGGI004112,192.168.15.44,170.13302612304688,0,717,67d8a_00038
-79.24893188476562,62.068275451660156,-79.69330890655517,-33.98051834106445,-146.8511962890625,False,,,718,df56d049a1394f4ea8c390780f417f3f,2021-06-07_09-44-36,1623069876,0.24419617652893066,170.3772222995758,11565,LOGGI004112,192.168.15.44,170.3772222995758,0,718,67d8a_00038
-79.20245361328125,62.068275451660156,-80.2643127822876,-33.98051834106445,-146.8511962890625,False,,,719,df56d049a1394f4ea8c390780f417f3f,2021-06-07_09-44-36,1623069876,0.2009868621826172,170.57820916175842,11565,LOGGI004112,192.168.15.44,170.57820916175842,0,719,67d8a_00038
-79.18260955810547,62.068275451660156,-79.54019332885743,-32.68399429321289,-146.8511962890625,False,,,720,df56d049a1394f4ea8c390780f417f3f,2021-06-07_09-44-36,1623069876,0.19436025619506836,170.7725694179535,11565,LOGGI004112,192.168.15.44,170.7725694179535,0,720,67d8a_00038
-79.14875793457031,62.068275451660156,-79.66507186889649,-32.68399429321289,-146.8511962890625,False,,,721,df56d049a1394f4ea8c390780f417f3f,2021-06-07_09-44-36,1623069876,0.20926690101623535,170.98183631896973,11565,LOGGI004112,192.168.15.44,170.98183631896973,0,721,67d8a_00038
-79.11388397216797,62.068275451660156,-78.5093856048584,-32.68399429321289,-146.8511962890625,False,,,722,df56d049a1394f4ea8c390780f417f3f,2021-06-07_09-44-36,1623069876,0.20445942878723145,171.18629574775696,11565,LOGGI004112,192.168.15.44,171.18629574775696,0,722,67d8a_00038
-79.08586883544922,62.068275451660156,-78.16510097503662,-32.68399429321289,-174.54298400878906,False,,,723,df56d049a1394f4ea8c390780f417f3f,2021-06-07_09-44-37,1623069877,0.20838022232055664,171.39467597007751,11565,LOGGI004112,192.168.15.44,171.39467597007751,0,723,67d8a_00038
-79.04798889160156,62.068275451660156,-76.27717266082763,-32.68399429321289,-174.54298400878906,False,,,724,df56d049a1394f4ea8c390780f417f3f,2021-06-07_09-44-37,1623069877,0.20543909072875977,171.60011506080627,11565,LOGGI004112,192.168.15.44,171.60011506080627,0,724,67d8a_00038
-79.00103759765625,62.068275451660156,-76.58108688354493,-32.68399429321289,-174.54298400878906,False,,,725,df56d049a1394f4ea8c390780f417f3f,2021-06-07_09-44-37,1623069877,0.1439070701599121,171.7440221309662,11565,LOGGI004112,192.168.15.44,171.7440221309662,0,725,67d8a_00038
-78.9726791381836,62.068275451660156,-77.54997337341308,-32.68399429321289,-174.54298400878906,False,,,726,df56d049a1394f4ea8c390780f417f3f,2021-06-07_09-44-37,1623069877,0.18404555320739746,171.92806768417358,11565,LOGGI004112,192.168.15.44,171.92806768417358,0,726,67d8a_00038
-78.95193481445312,62.068275451660156,-77.37640014648437,-32.68399429321289,-174.54298400878906,False,,,727,df56d049a1394f4ea8c390780f417f3f,2021-06-07_09-44-37,1623069877,0.1592848300933838,172.08735251426697,11565,LOGGI004112,192.168.15.44,172.08735251426697,0,727,67d8a_00038
-78.9131088256836,62.068275451660156,-78.26426013946534,-29.984481811523438,-174.54298400878906,False,,,728,df56d049a1394f4ea8c390780f417f3f,2021-06-07_09-44-38,1623069878,0.22058582305908203,172.30793833732605,11565,LOGGI004112,192.168.15.44,172.30793833732605,0,728,67d8a_00038
-78.88011932373047,62.068275451660156,-77.3867105102539,-29.984481811523438,-174.54298400878906,False,,,729,df56d049a1394f4ea8c390780f417f3f,2021-06-07_09-44-38,1623069878,0.18472647666931152,172.49266481399536,11565,LOGGI004112,192.168.15.44,172.49266481399536,0,729,67d8a_00038
-78.85800170898438,62.068275451660156,-76.2891689300537,-29.984481811523438,-174.54298400878906,False,,,730,df56d049a1394f4ea8c390780f417f3f,2021-06-07_09-44-38,1623069878,0.1862339973449707,172.67889881134033,11565,LOGGI004112,192.168.15.44,172.67889881134033,0,730,67d8a_00038
-78.81659698486328,62.068275451660156,-77.65526954650879,-29.984481811523438,-174.54298400878906,False,,,731,df56d049a1394f4ea8c390780f417f3f,2021-06-07_09-44-38,1623069878,0.21963095664978027,172.8985297679901,11565,LOGGI004112,192.168.15.44,172.8985297679901,0,731,67d8a_00038
-78.78408813476562,62.068275451660156,-79.27936511993408,-29.984481811523438,-174.54298400878906,False,,,732,df56d049a1394f4ea8c390780f417f3f,2021-06-07_09-44-38,1623069878,0.18970823287963867,173.08823800086975,11565,LOGGI004112,192.168.15.44,173.08823800086975,0,732,67d8a_00038
-78.74662780761719,62.068275451660156,-78.17491790771484,-29.984481811523438,-130.89039611816406,False,,,733,df56d049a1394f4ea8c390780f417f3f,2021-06-07_09-44-39,1623069879,0.18754053115844727,173.2757785320282,11565,LOGGI004112,192.168.15.44,173.2757785320282,0,733,67d8a_00038
-78.71542358398438,62.068275451660156,-77.65588199615479,-29.984481811523438,-130.89039611816406,False,,,734,df56d049a1394f4ea8c390780f417f3f,2021-06-07_09-44-39,1623069879,0.18715643882751465,173.4629349708557,11565,LOGGI004112,192.168.15.44,173.4629349708557,0,734,67d8a_00038
-78.68017578125,62.068275451660156,-77.83625465393067,-29.984481811523438,-153.69503784179688,False,,,735,df56d049a1394f4ea8c390780f417f3f,2021-06-07_09-44-39,1623069879,0.18375444412231445,173.64668941497803,11565,LOGGI004112,192.168.15.44,173.64668941497803,0,735,67d8a_00038
-78.63291931152344,62.068275451660156,-77.2628706741333,-29.984481811523438,-153.69503784179688,False,,,736,df56d049a1394f4ea8c390780f417f3f,2021-06-07_09-44-39,1623069879,0.19347000122070312,173.84015941619873,11565,LOGGI004112,192.168.15.44,173.84015941619873,0,736,67d8a_00038
-78.5967788696289,62.068275451660156,-80.22247806549072,-29.984481811523438,-153.69503784179688,False,,,737,df56d049a1394f4ea8c390780f417f3f,2021-06-07_09-44-39,1623069879,0.1857461929321289,174.02590560913086,11565,LOGGI004112,192.168.15.44,174.02590560913086,0,737,67d8a_00038
-78.55152130126953,62.068275451660156,-79.64602981567383,-32.67156219482422,-153.69503784179688,False,,,738,df56d049a1394f4ea8c390780f417f3f,2021-06-07_09-44-40,1623069880,0.18764066696166992,174.21354627609253,11565,LOGGI004112,192.168.15.44,174.21354627609253,0,738,67d8a_00038
-78.53321838378906,62.068275451660156,-79.99135696411133,-32.67156219482422,-153.69503784179688,False,,,739,df56d049a1394f4ea8c390780f417f3f,2021-06-07_09-44-40,1623069880,0.18738317489624023,174.40092945098877,11565,LOGGI004112,192.168.15.44,174.40092945098877,0,739,67d8a_00038
-78.49364471435547,62.068275451660156,-81.41208995819092,-35.70317840576172,-153.69503784179688,False,,,740,df56d049a1394f4ea8c390780f417f3f,2021-06-07_09-44-40,1623069880,0.18922209739685059,174.59015154838562,11565,LOGGI004112,192.168.15.44,174.59015154838562,0,740,67d8a_00038
-78.45248413085938,62.068275451660156,-81.40571533203125,-35.70317840576172,-153.69503784179688,False,,,741,df56d049a1394f4ea8c390780f417f3f,2021-06-07_09-44-40,1623069880,0.2580912113189697,174.8482427597046,11565,LOGGI004112,192.168.15.44,174.8482427597046,0,741,67d8a_00038
-78.42335510253906,62.068275451660156,-82.26584659576416,-35.70317840576172,-156.51202392578125,False,,,742,df56d049a1394f4ea8c390780f417f3f,2021-06-07_09-44-41,1623069881,0.28586864471435547,175.13411140441895,11565,LOGGI004112,192.168.15.44,175.13411140441895,0,742,67d8a_00038
-78.38572692871094,62.068275451660156,-83.94149826049805,-35.70317840576172,-156.51202392578125,False,,,743,df56d049a1394f4ea8c390780f417f3f,2021-06-07_09-44-41,1623069881,0.21749401092529297,175.35160541534424,11565,LOGGI004112,192.168.15.44,175.35160541534424,0,743,67d8a_00038
-78.35440826416016,62.068275451660156,-83.99542495727539,-35.70317840576172,-156.51202392578125,False,,,744,df56d049a1394f4ea8c390780f417f3f,2021-06-07_09-44-41,1623069881,0.17668867111206055,175.5282940864563,11565,LOGGI004112,192.168.15.44,175.5282940864563,0,744,67d8a_00038
-78.32919311523438,62.068275451660156,-84.24807750701905,-35.70317840576172,-156.51202392578125,False,,,745,df56d049a1394f4ea8c390780f417f3f,2021-06-07_09-44-41,1623069881,0.1744709014892578,175.70276498794556,11565,LOGGI004112,192.168.15.44,175.70276498794556,0,745,67d8a_00038
-78.28133392333984,62.068275451660156,-85.5078532409668,-42.83575439453125,-228.79214477539062,False,,,746,df56d049a1394f4ea8c390780f417f3f,2021-06-07_09-44-41,1623069881,0.18122434616088867,175.88398933410645,11565,LOGGI004112,192.168.15.44,175.88398933410645,0,746,67d8a_00038
-78.2424545288086,62.068275451660156,-83.71482372283936,-42.83575439453125,-228.79214477539062,False,,,747,df56d049a1394f4ea8c390780f417f3f,2021-06-07_09-44-42,1623069882,0.20733928680419922,176.09132862091064,11565,LOGGI004112,192.168.15.44,176.09132862091064,0,747,67d8a_00038
-78.20540618896484,62.068275451660156,-82.46735179901123,-42.83575439453125,-228.79214477539062,False,,,748,df56d049a1394f4ea8c390780f417f3f,2021-06-07_09-44-42,1623069882,0.21857976913452148,176.30990839004517,11565,LOGGI004112,192.168.15.44,176.30990839004517,0,748,67d8a_00038
-78.17758178710938,62.068275451660156,-82.02531600952149,-42.83575439453125,-228.79214477539062,False,,,749,df56d049a1394f4ea8c390780f417f3f,2021-06-07_09-44-42,1623069882,0.23799538612365723,176.54790377616882,11565,LOGGI004112,192.168.15.44,176.54790377616882,0,749,67d8a_00038
-78.15718841552734,62.068275451660156,-82.19475059509277,-37.07365798950195,-228.79214477539062,False,,,750,df56d049a1394f4ea8c390780f417f3f,2021-06-07_09-44-42,1623069882,0.2279672622680664,176.7758710384369,11565,LOGGI004112,192.168.15.44,176.7758710384369,0,750,67d8a_00038
-78.1164321899414,62.068275451660156,-81.70508247375489,-37.07365798950195,-228.79214477539062,False,,,751,df56d049a1394f4ea8c390780f417f3f,2021-06-07_09-44-43,1623069883,0.22701311111450195,177.0028841495514,11565,LOGGI004112,192.168.15.44,177.0028841495514,0,751,67d8a_00038
-78.09556579589844,62.068275451660156,-79.46011810302734,-37.07365798950195,-228.79214477539062,False,,,752,df56d049a1394f4ea8c390780f417f3f,2021-06-07_09-44-43,1623069883,0.2582876682281494,177.26117181777954,11565,LOGGI004112,192.168.15.44,177.26117181777954,0,752,67d8a_00038
-78.05276489257812,62.068275451660156,-78.66806823730468,-34.388023376464844,-228.79214477539062,False,,,753,df56d049a1394f4ea8c390780f417f3f,2021-06-07_09-44-43,1623069883,0.23882675170898438,177.49999856948853,11565,LOGGI004112,192.168.15.44,177.49999856948853,0,753,67d8a_00038
-78.01774597167969,62.068275451660156,-79.11804447174072,-34.388023376464844,-228.79214477539062,False,,,754,df56d049a1394f4ea8c390780f417f3f,2021-06-07_09-44-43,1623069883,0.2392566204071045,177.73925518989563,11565,LOGGI004112,192.168.15.44,177.73925518989563,0,754,67d8a_00038
-77.98189544677734,62.068275451660156,-79.40296955108643,-34.388023376464844,-228.79214477539062,False,,,755,df56d049a1394f4ea8c390780f417f3f,2021-06-07_09-44-44,1623069884,0.23324155807495117,177.97249674797058,11565,LOGGI004112,192.168.15.44,177.97249674797058,0,755,67d8a_00038
-77.95376586914062,62.068275451660156,-77.75687419891358,-34.388023376464844,-157.60693359375,False,,,756,df56d049a1394f4ea8c390780f417f3f,2021-06-07_09-44-44,1623069884,0.26277947425842285,178.235276222229,11565,LOGGI004112,192.168.15.44,178.235276222229,0,756,67d8a_00038
-77.92082977294922,62.068275451660156,-77.01468441009521,-34.388023376464844,-157.60693359375,False,,,757,df56d049a1394f4ea8c390780f417f3f,2021-06-07_09-44-44,1623069884,0.21871447563171387,178.45399069786072,11565,LOGGI004112,192.168.15.44,178.45399069786072,0,757,67d8a_00038
-77.89985656738281,62.068275451660156,-77.87682397842407,-23.84101676940918,-157.60693359375,False,,,758,df56d049a1394f4ea8c390780f417f3f,2021-06-07_09-44-44,1623069884,0.22484707832336426,178.67883777618408,11565,LOGGI004112,192.168.15.44,178.67883777618408,0,758,67d8a_00038
-77.87688446044922,62.068275451660156,-78.56272439956665,-23.84101676940918,-157.60693359375,False,,,759,df56d049a1394f4ea8c390780f417f3f,2021-06-07_09-44-45,1623069885,0.26046156883239746,178.93929934501648,11565,LOGGI004112,192.168.15.44,178.93929934501648,0,759,67d8a_00038
-77.83828735351562,62.068275451660156,-78.39940271377563,-23.84101676940918,-157.60693359375,False,,,760,df56d049a1394f4ea8c390780f417f3f,2021-06-07_09-44-45,1623069885,0.29015612602233887,179.22945547103882,11565,LOGGI004112,192.168.15.44,179.22945547103882,0,760,67d8a_00038
-77.79290771484375,62.068275451660156,-79.2049954032898,-23.84101676940918,-157.60693359375,False,,,761,df56d049a1394f4ea8c390780f417f3f,2021-06-07_09-44-45,1623069885,0.21715426445007324,179.4466097354889,11565,LOGGI004112,192.168.15.44,179.4466097354889,0,761,67d8a_00038
-77.76106262207031,62.068275451660156,-80.39439779281616,-23.84101676940918,-157.60693359375,False,,,762,df56d049a1394f4ea8c390780f417f3f,2021-06-07_09-44-45,1623069885,0.20991230010986328,179.65652203559875,11565,LOGGI004112,192.168.15.44,179.65652203559875,0,762,67d8a_00038
-77.74610137939453,62.068275451660156,-79.05888315200805,-23.84101676940918,-140.26937866210938,False,,,763,df56d049a1394f4ea8c390780f417f3f,2021-06-07_09-44-45,1623069885,0.22158265113830566,179.87810468673706,11565,LOGGI004112,192.168.15.44,179.87810468673706,0,763,67d8a_00038
-77.71340942382812,62.068275451660156,-78.0804480934143,-23.84101676940918,-140.26937866210938,False,,,764,df56d049a1394f4ea8c390780f417f3f,2021-06-07_09-44-46,1623069886,0.24281954765319824,180.12092423439026,11565,LOGGI004112,192.168.15.44,180.12092423439026,0,764,67d8a_00038
-77.66930389404297,62.068275451660156,-76.65635705947876,-23.84101676940918,-140.26937866210938,False,,,765,df56d049a1394f4ea8c390780f417f3f,2021-06-07_09-44-46,1623069886,0.20419597625732422,180.32512021064758,11565,LOGGI004112,192.168.15.44,180.32512021064758,0,765,67d8a_00038
-77.63973999023438,62.068275451660156,-76.8086247062683,-23.84101676940918,-140.26937866210938,False,,,766,df56d049a1394f4ea8c390780f417f3f,2021-06-07_09-44-46,1623069886,0.3079984188079834,180.63311862945557,11565,LOGGI004112,192.168.15.44,180.63311862945557,0,766,67d8a_00038
-77.61074829101562,62.068275451660156,-76.62236562728881,-23.84101676940918,-137.38587951660156,False,,,767,df56d049a1394f4ea8c390780f417f3f,2021-06-07_09-44-47,1623069887,0.27710890769958496,180.91022753715515,11565,LOGGI004112,192.168.15.44,180.91022753715515,0,767,67d8a_00038
-77.58257293701172,62.068275451660156,-77.07334144592285,-36.34413146972656,-137.75318908691406,False,,,768,df56d049a1394f4ea8c390780f417f3f,2021-06-07_09-44-47,1623069887,0.2720029354095459,181.1822304725647,11565,LOGGI004112,192.168.15.44,181.1822304725647,0,768,67d8a_00038
-77.55886840820312,62.068275451660156,-76.41419574737549,-36.34413146972656,-137.75318908691406,False,,,769,df56d049a1394f4ea8c390780f417f3f,2021-06-07_09-44-47,1623069887,0.256744384765625,181.43897485733032,11565,LOGGI004112,192.168.15.44,181.43897485733032,0,769,67d8a_00038
-77.52439880371094,62.068275451660156,-77.10995918273926,-36.34413146972656,-137.75318908691406,False,,,770,df56d049a1394f4ea8c390780f417f3f,2021-06-07_09-44-47,1623069887,0.2586030960083008,181.69757795333862,11565,LOGGI004112,192.168.15.44,181.69757795333862,0,770,67d8a_00038
-77.5004653930664,62.068275451660156,-75.78914306640625,-31.6929931640625,-137.75318908691406,False,,,771,df56d049a1394f4ea8c390780f417f3f,2021-06-07_09-44-48,1623069888,0.2895975112915039,181.98717546463013,11565,LOGGI004112,192.168.15.44,181.98717546463013,0,771,67d8a_00038
-77.48650360107422,62.068275451660156,-75.20948020935059,-31.6929931640625,-137.75318908691406,False,,,772,df56d049a1394f4ea8c390780f417f3f,2021-06-07_09-44-48,1623069888,0.29526686668395996,182.2824423313141,11565,LOGGI004112,192.168.15.44,182.2824423313141,0,772,67d8a_00038
-77.453857421875,62.068275451660156,-75.74174404144287,-31.6929931640625,-137.75318908691406,False,,,773,df56d049a1394f4ea8c390780f417f3f,2021-06-07_09-44-48,1623069888,0.30753660202026367,182.58997893333435,11565,LOGGI004112,192.168.15.44,182.58997893333435,0,773,67d8a_00038
-77.43387603759766,62.068275451660156,-76.80243656158447,-31.6929931640625,-208.9949951171875,False,,,774,df56d049a1394f4ea8c390780f417f3f,2021-06-07_09-44-49,1623069889,0.30927157402038574,182.89925050735474,11565,LOGGI004112,192.168.15.44,182.89925050735474,0,774,67d8a_00038
-77.41165161132812,62.068275451660156,-78.09116928100586,-31.6929931640625,-208.9949951171875,False,,,775,df56d049a1394f4ea8c390780f417f3f,2021-06-07_09-44-49,1623069889,0.2849552631378174,183.18420577049255,11565,LOGGI004112,192.168.15.44,183.18420577049255,0,775,67d8a_00038
-77.38893127441406,62.068275451660156,-77.15352005004883,-31.6929931640625,-208.9949951171875,False,,,776,df56d049a1394f4ea8c390780f417f3f,2021-06-07_09-44-49,1623069889,0.30570316314697266,183.48990893363953,11565,LOGGI004112,192.168.15.44,183.48990893363953,0,776,67d8a_00038
-77.36395263671875,62.068275451660156,-76.62177062988282,-31.6929931640625,-208.9949951171875,False,,,777,df56d049a1394f4ea8c390780f417f3f,2021-06-07_09-44-49,1623069889,0.19939398765563965,183.68930292129517,11565,LOGGI004112,192.168.15.44,183.68930292129517,0,777,67d8a_00038
-77.32623291015625,62.068275451660156,-75.8411107635498,-31.6929931640625,-208.9949951171875,False,,,778,df56d049a1394f4ea8c390780f417f3f,2021-06-07_09-44-50,1623069890,0.1791212558746338,183.8684241771698,11565,LOGGI004112,192.168.15.44,183.8684241771698,0,778,67d8a_00038
-77.29076385498047,62.068275451660156,-74.74034097671509,-31.463712692260742,-208.9949951171875,False,,,779,df56d049a1394f4ea8c390780f417f3f,2021-06-07_09-44-50,1623069890,0.2078847885131836,184.07630896568298,11565,LOGGI004112,192.168.15.44,184.07630896568298,0,779,67d8a_00038
-77.25595092773438,62.068275451660156,-73.92943502426148,-31.463712692260742,-208.9949951171875,False,,,780,df56d049a1394f4ea8c390780f417f3f,2021-06-07_09-44-50,1623069890,0.21962761878967285,184.29593658447266,11565,LOGGI004112,192.168.15.44,184.29593658447266,0,780,67d8a_00038
-77.23019409179688,62.068275451660156,-73.63978330612183,-31.463712692260742,-208.9949951171875,False,,,781,df56d049a1394f4ea8c390780f417f3f,2021-06-07_09-44-50,1623069890,0.2155778408050537,184.5115144252777,11565,LOGGI004112,192.168.15.44,184.5115144252777,0,781,67d8a_00038
-77.2006607055664,62.068275451660156,-73.19724172592163,-31.463712692260742,-208.9949951171875,False,,,782,df56d049a1394f4ea8c390780f417f3f,2021-06-07_09-44-51,1623069891,0.38057589530944824,184.89209032058716,11565,LOGGI004112,192.168.15.44,184.89209032058716,0,782,67d8a_00038
-77.17681884765625,62.068275451660156,-73.69790494918823,-31.463712692260742,-208.9949951171875,False,,,783,df56d049a1394f4ea8c390780f417f3f,2021-06-07_09-44-51,1623069891,0.274768590927124,185.16685891151428,11565,LOGGI004112,192.168.15.44,185.16685891151428,0,783,67d8a_00038
-77.1414566040039,62.068275451660156,-75.07063192367553,-31.463712692260742,-138.7959442138672,False,,,784,df56d049a1394f4ea8c390780f417f3f,2021-06-07_09-44-51,1623069891,0.2477726936340332,185.41463160514832,11565,LOGGI004112,192.168.15.44,185.41463160514832,0,784,67d8a_00038
-77.11436462402344,62.068275451660156,-73.71851274490356,-31.463712692260742,-138.7959442138672,False,,,785,df56d049a1394f4ea8c390780f417f3f,2021-06-07_09-44-51,1623069891,0.22468304634094238,185.63931465148926,11565,LOGGI004112,192.168.15.44,185.63931465148926,0,785,67d8a_00038
-77.09549713134766,62.068275451660156,-74.76761682510376,-31.463712692260742,-138.7959442138672,False,,,786,df56d049a1394f4ea8c390780f417f3f,2021-06-07_09-44-52,1623069892,0.2214803695678711,185.86079502105713,11565,LOGGI004112,192.168.15.44,185.86079502105713,0,786,67d8a_00038
-77.07390594482422,62.068275451660156,-74.82254758834839,-31.463712692260742,-151.0484619140625,False,,,787,df56d049a1394f4ea8c390780f417f3f,2021-06-07_09-44-52,1623069892,0.26087355613708496,186.1216685771942,11565,LOGGI004112,192.168.15.44,186.1216685771942,0,787,67d8a_00038
-77.03740692138672,62.068275451660156,-76.06443025588989,-31.463712692260742,-151.0484619140625,False,,,788,df56d049a1394f4ea8c390780f417f3f,2021-06-07_09-44-52,1623069892,0.2303013801574707,186.35196995735168,11565,LOGGI004112,192.168.15.44,186.35196995735168,0,788,67d8a_00038
-77.01009368896484,62.068275451660156,-76.99340824127198,-34.86548614501953,-151.0484619140625,False,,,789,df56d049a1394f4ea8c390780f417f3f,2021-06-07_09-44-52,1623069892,0.16898179054260254,186.5209517478943,11565,LOGGI004112,192.168.15.44,186.5209517478943,0,789,67d8a_00038
-76.98387145996094,62.068275451660156,-75.90030353546143,-34.86548614501953,-151.0484619140625,False,,,790,df56d049a1394f4ea8c390780f417f3f,2021-06-07_09-44-53,1623069893,0.2844552993774414,186.80540704727173,11565,LOGGI004112,192.168.15.44,186.80540704727173,0,790,67d8a_00038
-76.95111846923828,62.068275451660156,-75.49489990234375,-34.86548614501953,-151.0484619140625,False,,,791,df56d049a1394f4ea8c390780f417f3f,2021-06-07_09-44-53,1623069893,0.20159363746643066,187.00700068473816,11565,LOGGI004112,192.168.15.44,187.00700068473816,0,791,67d8a_00038
-76.92670440673828,62.068275451660156,-75.2376273727417,-34.86548614501953,-151.0484619140625,False,,,792,df56d049a1394f4ea8c390780f417f3f,2021-06-07_09-44-53,1623069893,0.19835734367370605,187.20535802841187,11565,LOGGI004112,192.168.15.44,187.20535802841187,0,792,67d8a_00038
-76.9051513671875,62.068275451660156,-74.2316641998291,-34.86548614501953,-151.0484619140625,False,,,793,df56d049a1394f4ea8c390780f417f3f,2021-06-07_09-44-53,1623069893,0.21109509468078613,187.41645312309265,11565,LOGGI004112,192.168.15.44,187.41645312309265,0,793,67d8a_00038
-76.87016296386719,62.068275451660156,-73.50800819396973,-34.86548614501953,-151.0484619140625,False,,,794,df56d049a1394f4ea8c390780f417f3f,2021-06-07_09-44-53,1623069893,0.20591306686401367,187.62236618995667,11565,LOGGI004112,192.168.15.44,187.62236618995667,0,794,67d8a_00038
-76.85397338867188,62.068275451660156,-73.85930534362792,-34.86548614501953,-151.0484619140625,False,,,795,df56d049a1394f4ea8c390780f417f3f,2021-06-07_09-44-54,1623069894,0.20779943466186523,187.83016562461853,11565,LOGGI004112,192.168.15.44,187.83016562461853,0,795,67d8a_00038
-76.82179260253906,62.068275451660156,-72.99888740539551,-34.86548614501953,-151.0484619140625,False,,,796,df56d049a1394f4ea8c390780f417f3f,2021-06-07_09-44-54,1623069894,0.19004178047180176,188.02020740509033,11565,LOGGI004112,192.168.15.44,188.02020740509033,0,796,67d8a_00038
-76.80374145507812,62.068275451660156,-73.61750640869141,-36.821617126464844,-144.29373168945312,False,,,797,df56d049a1394f4ea8c390780f417f3f,2021-06-07_09-44-54,1623069894,0.1990365982055664,188.2192440032959,11565,LOGGI004112,192.168.15.44,188.2192440032959,0,797,67d8a_00038
-76.76429748535156,62.068275451660156,-73.62057209014893,-36.821617126464844,-144.29373168945312,False,,,798,df56d049a1394f4ea8c390780f417f3f,2021-06-07_09-44-54,1623069894,0.22653913497924805,188.44578313827515,11565,LOGGI004112,192.168.15.44,188.44578313827515,0,798,67d8a_00038
-76.73377990722656,62.068275451660156,-72.77520278930665,-36.821617126464844,-131.34033203125,False,,,799,df56d049a1394f4ea8c390780f417f3f,2021-06-07_09-44-55,1623069895,0.2248849868774414,188.6706681251526,11565,LOGGI004112,192.168.15.44,188.6706681251526,0,799,67d8a_00038
-76.71293640136719,62.068275451660156,-72.68889335632325,-36.821617126464844,-131.34033203125,False,,,800,df56d049a1394f4ea8c390780f417f3f,2021-06-07_09-44-55,1623069895,0.2065591812133789,188.87722730636597,11565,LOGGI004112,192.168.15.44,188.87722730636597,0,800,67d8a_00038
-76.68905639648438,62.068275451660156,-73.07128200531005,-36.821617126464844,-131.34033203125,False,,,801,df56d049a1394f4ea8c390780f417f3f,2021-06-07_09-44-55,1623069895,0.1987745761871338,189.0760018825531,11565,LOGGI004112,192.168.15.44,189.0760018825531,0,801,67d8a_00038
-76.66522216796875,62.068275451660156,-73.88032428741455,-36.821617126464844,-131.34033203125,False,,,802,df56d049a1394f4ea8c390780f417f3f,2021-06-07_09-44-55,1623069895,0.20044422149658203,189.27644610404968,11565,LOGGI004112,192.168.15.44,189.27644610404968,0,802,67d8a_00038
-76.6357192993164,62.068275451660156,-74.22159713745117,-31.26596450805664,-131.63137817382812,False,,,803,df56d049a1394f4ea8c390780f417f3f,2021-06-07_09-44-55,1623069895,0.19849205017089844,189.47493815422058,11565,LOGGI004112,192.168.15.44,189.47493815422058,0,803,67d8a_00038
-76.58766174316406,62.068275451660156,-74.6170044708252,-31.26596450805664,-163.78781127929688,False,,,804,df56d049a1394f4ea8c390780f417f3f,2021-06-07_09-44-56,1623069896,0.2504580020904541,189.72539615631104,11565,LOGGI004112,192.168.15.44,189.72539615631104,0,804,67d8a_00038
-76.55587005615234,62.068275451660156,-75.55462673187256,-31.26596450805664,-175.20619201660156,False,,,805,df56d049a1394f4ea8c390780f417f3f,2021-06-07_09-44-56,1623069896,0.19013738632202148,189.91553354263306,11565,LOGGI004112,192.168.15.44,189.91553354263306,0,805,67d8a_00038
-76.52521514892578,62.068275451660156,-76.27056255340577,-31.26596450805664,-175.20619201660156,False,,,806,df56d049a1394f4ea8c390780f417f3f,2021-06-07_09-44-56,1623069896,0.21582412719726562,190.13135766983032,11565,LOGGI004112,192.168.15.44,190.13135766983032,0,806,67d8a_00038
-76.49722290039062,62.068275451660156,-75.62273757934571,-31.26596450805664,-175.20619201660156,False,,,807,df56d049a1394f4ea8c390780f417f3f,2021-06-07_09-44-56,1623069896,0.19327807426452637,190.32463574409485,11565,LOGGI004112,192.168.15.44,190.32463574409485,0,807,67d8a_00038
-76.47281646728516,62.068275451660156,-74.34335872650146,-31.26596450805664,-175.20619201660156,False,,,808,df56d049a1394f4ea8c390780f417f3f,2021-06-07_09-44-57,1623069897,0.2554914951324463,190.5801272392273,11565,LOGGI004112,192.168.15.44,190.5801272392273,0,808,67d8a_00038
-76.42720031738281,62.068275451660156,-76.57477680206298,-31.26596450805664,-196.0189208984375,False,,,809,df56d049a1394f4ea8c390780f417f3f,2021-06-07_09-44-57,1623069897,0.22740960121154785,190.80753684043884,11565,LOGGI004112,192.168.15.44,190.80753684043884,0,809,67d8a_00038
-76.40950012207031,62.068275451660156,-77.60594814300538,-31.26596450805664,-196.0189208984375,False,,,810,df56d049a1394f4ea8c390780f417f3f,2021-06-07_09-44-57,1623069897,0.3283426761627197,191.13587951660156,11565,LOGGI004112,192.168.15.44,191.13587951660156,0,810,67d8a_00038
-76.38655853271484,62.068275451660156,-79.13447635650635,-31.26596450805664,-196.0189208984375,False,,,811,df56d049a1394f4ea8c390780f417f3f,2021-06-07_09-44-57,1623069897,0.18949055671691895,191.32537007331848,11565,LOGGI004112,192.168.15.44,191.32537007331848,0,811,67d8a_00038
-76.36076354980469,62.068275451660156,-78.02144268035889,-31.26596450805664,-196.0189208984375,False,,,812,df56d049a1394f4ea8c390780f417f3f,2021-06-07_09-44-58,1623069898,0.18377256393432617,191.5091426372528,11565,LOGGI004112,192.168.15.44,191.5091426372528,0,812,67d8a_00038
-76.33869934082031,62.068275451660156,-77.82219429016114,-37.584922790527344,-196.0189208984375,False,,,813,df56d049a1394f4ea8c390780f417f3f,2021-06-07_09-44-58,1623069898,0.19719672203063965,191.70633935928345,11565,LOGGI004112,192.168.15.44,191.70633935928345,0,813,67d8a_00038
-76.31179809570312,62.068275451660156,-78.83164001464844,-37.584922790527344,-196.0189208984375,False,,,814,df56d049a1394f4ea8c390780f417f3f,2021-06-07_09-44-58,1623069898,0.22992348670959473,191.93626284599304,11565,LOGGI004112,192.168.15.44,191.93626284599304,0,814,67d8a_00038
-76.28872680664062,62.068275451660156,-77.72971817016601,-33.65196228027344,-196.0189208984375,False,,,815,df56d049a1394f4ea8c390780f417f3f,2021-06-07_09-44-58,1623069898,0.2262425422668457,192.1625053882599,11565,LOGGI004112,192.168.15.44,192.1625053882599,0,815,67d8a_00038
-76.24844360351562,62.068275451660156,-79.2535498046875,-33.65196228027344,-196.0189208984375,False,,,816,df56d049a1394f4ea8c390780f417f3f,2021-06-07_09-44-59,1623069899,0.38465166091918945,192.54715704917908,11565,LOGGI004112,192.168.15.44,192.54715704917908,0,816,67d8a_00038
-76.22205352783203,62.068275451660156,-79.8442372894287,-33.65196228027344,-196.0189208984375,False,,,817,df56d049a1394f4ea8c390780f417f3f,2021-06-07_09-44-59,1623069899,0.2877469062805176,192.8349039554596,11565,LOGGI004112,192.168.15.44,192.8349039554596,0,817,67d8a_00038
-76.19502258300781,62.068275451660156,-79.68649536132813,-33.65196228027344,-196.0189208984375,False,,,818,df56d049a1394f4ea8c390780f417f3f,2021-06-07_09-44-59,1623069899,0.1599750518798828,192.99487900733948,11565,LOGGI004112,192.168.15.44,192.99487900733948,0,818,67d8a_00038
-76.18060302734375,62.068275451660156,-77.23625919342041,-33.65196228027344,-172.97555541992188,False,,,819,df56d049a1394f4ea8c390780f417f3f,2021-06-07_09-44-59,1623069899,0.15776968002319336,193.15264868736267,11565,LOGGI004112,192.168.15.44,193.15264868736267,0,819,67d8a_00038
-76.156005859375,62.068275451660156,-77.7316444015503,-33.65196228027344,-172.97555541992188,False,,,820,df56d049a1394f4ea8c390780f417f3f,2021-06-07_09-44-59,1623069899,0.18011903762817383,193.33276772499084,11565,LOGGI004112,192.168.15.44,193.33276772499084,0,820,67d8a_00038
-76.1325912475586,62.068275451660156,-76.32763023376465,-33.65196228027344,-172.97555541992188,False,,,821,df56d049a1394f4ea8c390780f417f3f,2021-06-07_09-45-00,1623069900,0.1789531707763672,193.5117208957672,11565,LOGGI004112,192.168.15.44,193.5117208957672,0,821,67d8a_00038
-76.10669708251953,62.068275451660156,-77.06496971130372,-33.65196228027344,-172.97555541992188,False,,,822,df56d049a1394f4ea8c390780f417f3f,2021-06-07_09-45-00,1623069900,0.1784679889678955,193.6901888847351,11565,LOGGI004112,192.168.15.44,193.6901888847351,0,822,67d8a_00038
-76.0892105102539,62.068275451660156,-77.64105182647705,-33.65196228027344,-172.97555541992188,False,,,823,df56d049a1394f4ea8c390780f417f3f,2021-06-07_09-45-00,1623069900,0.2134230136871338,193.90361189842224,11565,LOGGI004112,192.168.15.44,193.90361189842224,0,823,67d8a_00038
-76.05333709716797,62.068275451660156,-77.15112968444824,-33.65196228027344,-172.97555541992188,False,,,824,df56d049a1394f4ea8c390780f417f3f,2021-06-07_09-45-00,1623069900,0.3529245853424072,194.25653648376465,11565,LOGGI004112,192.168.15.44,194.25653648376465,0,824,67d8a_00038
-76.00285339355469,62.068275451660156,-78.25834537506104,-36.05388641357422,-172.97555541992188,False,,,825,df56d049a1394f4ea8c390780f417f3f,2021-06-07_09-45-01,1623069901,0.2313554286956787,194.48789191246033,11565,LOGGI004112,192.168.15.44,194.48789191246033,0,825,67d8a_00038
-75.97769165039062,62.068275451660156,-77.3134848022461,-36.05388641357422,-127.77483367919922,False,,,826,df56d049a1394f4ea8c390780f417f3f,2021-06-07_09-45-01,1623069901,0.322070837020874,194.8099627494812,11565,LOGGI004112,192.168.15.44,194.8099627494812,0,826,67d8a_00038
-75.94852447509766,62.068275451660156,-77.27451999664306,-36.05388641357422,-126.24501037597656,False,,,827,df56d049a1394f4ea8c390780f417f3f,2021-06-07_09-45-01,1623069901,0.25830078125,195.0682635307312,11565,LOGGI004112,192.168.15.44,195.0682635307312,0,827,67d8a_00038
-75.92506408691406,62.068275451660156,-77.45063793182374,-34.388023376464844,-126.24501037597656,False,,,828,df56d049a1394f4ea8c390780f417f3f,2021-06-07_09-45-01,1623069901,0.24172592163085938,195.30998945236206,11565,LOGGI004112,192.168.15.44,195.30998945236206,0,828,67d8a_00038
-75.90162658691406,62.068275451660156,-78.40321182250976,-34.388023376464844,-126.24501037597656,False,,,829,df56d049a1394f4ea8c390780f417f3f,2021-06-07_09-45-02,1623069902,0.2073960304260254,195.5173854827881,11565,LOGGI004112,192.168.15.44,195.5173854827881,0,829,67d8a_00038
-75.87760162353516,62.068275451660156,-77.71606777191163,-34.388023376464844,-126.24501037597656,False,,,830,df56d049a1394f4ea8c390780f417f3f,2021-06-07_09-45-02,1623069902,0.2209179401397705,195.73830342292786,11565,LOGGI004112,192.168.15.44,195.73830342292786,0,830,67d8a_00038
-75.86366271972656,62.068275451660156,-77.1395272064209,-34.3095703125,-126.24501037597656,False,,,831,df56d049a1394f4ea8c390780f417f3f,2021-06-07_09-45-02,1623069902,0.27460789680480957,196.01291131973267,11565,LOGGI004112,192.168.15.44,196.01291131973267,0,831,67d8a_00038
-75.8473129272461,62.068275451660156,-76.24619480133056,-34.3095703125,-126.24501037597656,False,,,832,df56d049a1394f4ea8c390780f417f3f,2021-06-07_09-45-02,1623069902,0.26105332374572754,196.2739646434784,11565,LOGGI004112,192.168.15.44,196.2739646434784,0,832,67d8a_00038
-75.82415771484375,62.068275451660156,-76.42305110931396,-34.3095703125,-207.191650390625,False,,,833,df56d049a1394f4ea8c390780f417f3f,2021-06-07_09-45-03,1623069903,0.23854422569274902,196.51250886917114,11565,LOGGI004112,192.168.15.44,196.51250886917114,0,833,67d8a_00038
-75.79197692871094,62.068275451660156,-74.64172027587891,-34.3095703125,-207.191650390625,False,,,834,df56d049a1394f4ea8c390780f417f3f,2021-06-07_09-45-03,1623069903,0.2717111110687256,196.78421998023987,11565,LOGGI004112,192.168.15.44,196.78421998023987,0,834,67d8a_00038
-75.77803039550781,62.068275451660156,-74.7240092086792,-34.3095703125,-207.191650390625,False,,,835,df56d049a1394f4ea8c390780f417f3f,2021-06-07_09-45-03,1623069903,0.35935497283935547,197.14357495307922,11565,LOGGI004112,192.168.15.44,197.14357495307922,0,835,67d8a_00038
-75.75116729736328,62.068275451660156,-73.48674745559693,-30.12116050720215,-207.191650390625,False,,,836,df56d049a1394f4ea8c390780f417f3f,2021-06-07_09-45-04,1623069904,0.31246137619018555,197.4560363292694,11565,LOGGI004112,192.168.15.44,197.4560363292694,0,836,67d8a_00038
-75.7203369140625,62.068275451660156,-74.1052025794983,-30.12116050720215,-207.191650390625,False,,,837,df56d049a1394f4ea8c390780f417f3f,2021-06-07_09-45-04,1623069904,0.24947905540466309,197.70551538467407,11565,LOGGI004112,192.168.15.44,197.70551538467407,0,837,67d8a_00038
-75.69463348388672,62.068275451660156,-74.1272039604187,-30.12116050720215,-207.191650390625,False,,,838,df56d049a1394f4ea8c390780f417f3f,2021-06-07_09-45-04,1623069904,0.21454882621765137,197.92006421089172,11565,LOGGI004112,192.168.15.44,197.92006421089172,0,838,67d8a_00038
-75.67150115966797,62.068275451660156,-74.30433832168579,-30.12116050720215,-207.191650390625,False,,,839,df56d049a1394f4ea8c390780f417f3f,2021-06-07_09-45-04,1623069904,0.24716973304748535,198.1672339439392,11565,LOGGI004112,192.168.15.44,198.1672339439392,0,839,67d8a_00038
-75.65348052978516,62.068275451660156,-74.74028390884399,-30.12116050720215,-207.191650390625,False,,,840,df56d049a1394f4ea8c390780f417f3f,2021-06-07_09-45-05,1623069905,0.20231127738952637,198.36954522132874,11565,LOGGI004112,192.168.15.44,198.36954522132874,0,840,67d8a_00038
-75.62223815917969,62.068275451660156,-75.52917982101441,-30.12116050720215,-207.191650390625,False,,,841,df56d049a1394f4ea8c390780f417f3f,2021-06-07_09-45-05,1623069905,0.22612524032592773,198.59567046165466,11565,LOGGI004112,192.168.15.44,198.59567046165466,0,841,67d8a_00038
-75.60003662109375,62.068275451660156,-76.85866231918335,-30.12116050720215,-207.191650390625,False,,,842,df56d049a1394f4ea8c390780f417f3f,2021-06-07_09-45-05,1623069905,0.18926191329956055,198.78493237495422,11565,LOGGI004112,192.168.15.44,198.78493237495422,0,842,67d8a_00038
-75.57829284667969,62.068275451660156,-75.41604555130004,-30.12116050720215,-158.54562377929688,False,,,843,df56d049a1394f4ea8c390780f417f3f,2021-06-07_09-45-05,1623069905,0.18895316123962402,198.97388553619385,11565,LOGGI004112,192.168.15.44,198.97388553619385,0,843,67d8a_00038
-75.5578842163086,62.068275451660156,-75.03853052139283,-30.12116050720215,-158.54562377929688,False,,,844,df56d049a1394f4ea8c390780f417f3f,2021-06-07_09-45-06,1623069906,0.27585935592651367,199.24974489212036,11565,LOGGI004112,192.168.15.44,199.24974489212036,0,844,67d8a_00038
-75.5309829711914,62.068275451660156,-75.34630533218383,-30.12116050720215,-186.95883178710938,False,,,845,df56d049a1394f4ea8c390780f417f3f,2021-06-07_09-45-06,1623069906,0.20493674278259277,199.45468163490295,11565,LOGGI004112,192.168.15.44,199.45468163490295,0,845,67d8a_00038
-75.50919342041016,62.068275451660156,-74.94226150512695,-35.3579216003418,-186.95883178710938,False,,,846,df56d049a1394f4ea8c390780f417f3f,2021-06-07_09-45-06,1623069906,0.18714690208435059,199.6418285369873,11565,LOGGI004112,192.168.15.44,199.6418285369873,0,846,67d8a_00038
-75.48571014404297,62.068275451660156,-74.12783794403076,-35.3579216003418,-186.95883178710938,False,,,847,df56d049a1394f4ea8c390780f417f3f,2021-06-07_09-45-06,1623069906,0.22068548202514648,199.86251401901245,11565,LOGGI004112,192.168.15.44,199.86251401901245,0,847,67d8a_00038
-75.45364379882812,62.068275451660156,-75.21924049377441,-35.3579216003418,-186.95883178710938,False,,,848,df56d049a1394f4ea8c390780f417f3f,2021-06-07_09-45-06,1623069906,0.1656343936920166,200.02814841270447,11565,LOGGI004112,192.168.15.44,200.02814841270447,0,848,67d8a_00038
-75.43675231933594,62.068275451660156,-73.98863506317139,-32.686126708984375,-186.95883178710938,False,,,849,df56d049a1394f4ea8c390780f417f3f,2021-06-07_09-45-07,1623069907,0.22167253494262695,200.2498209476471,11565,LOGGI004112,192.168.15.44,200.2498209476471,0,849,67d8a_00038
-75.42362213134766,62.068275451660156,-73.82057106018067,-32.686126708984375,-186.95883178710938,False,,,850,df56d049a1394f4ea8c390780f417f3f,2021-06-07_09-45-07,1623069907,0.22885608673095703,200.47867703437805,11565,LOGGI004112,192.168.15.44,200.47867703437805,0,850,67d8a_00038
-75.39612579345703,62.068275451660156,-74.19086891174317,-22.12079620361328,-186.95883178710938,False,,,851,df56d049a1394f4ea8c390780f417f3f,2021-06-07_09-45-07,1623069907,0.1485755443572998,200.62725257873535,11565,LOGGI004112,192.168.15.44,200.62725257873535,0,851,67d8a_00038
-75.36289978027344,62.068275451660156,-74.17422412872314,-22.12079620361328,-186.95883178710938,False,,,852,df56d049a1394f4ea8c390780f417f3f,2021-06-07_09-45-07,1623069907,0.20848727226257324,200.83573985099792,11565,LOGGI004112,192.168.15.44,200.83573985099792,0,852,67d8a_00038
-75.33792877197266,62.068275451660156,-74.70586074829102,-22.12079620361328,-186.95883178710938,False,,,853,df56d049a1394f4ea8c390780f417f3f,2021-06-07_09-45-07,1623069907,0.15362143516540527,200.98936128616333,11565,LOGGI004112,192.168.15.44,200.98936128616333,0,853,67d8a_00038
-75.30659484863281,62.068275451660156,-75.51673862457275,-22.12079620361328,-186.95883178710938,False,,,854,df56d049a1394f4ea8c390780f417f3f,2021-06-07_09-45-08,1623069908,0.17910361289978027,201.1684648990631,11565,LOGGI004112,192.168.15.44,201.1684648990631,0,854,67d8a_00038
-75.29106903076172,62.068275451660156,-74.94337409973144,-22.12079620361328,-141.18898010253906,False,,,855,df56d049a1394f4ea8c390780f417f3f,2021-06-07_09-45-08,1623069908,0.18459177017211914,201.35305666923523,11565,LOGGI004112,192.168.15.44,201.35305666923523,0,855,67d8a_00038
-75.2678451538086,62.068275451660156,-75.01356647491455,-22.12079620361328,-141.18898010253906,False,,,856,df56d049a1394f4ea8c390780f417f3f,2021-06-07_09-45-08,1623069908,0.17973613739013672,201.53279280662537,11565,LOGGI004112,192.168.15.44,201.53279280662537,0,856,67d8a_00038
-75.24472045898438,62.068275451660156,-76.00267425537109,-22.12079620361328,-155.83514404296875,False,,,857,df56d049a1394f4ea8c390780f417f3f,2021-06-07_09-45-08,1623069908,0.20744991302490234,201.74024271965027,11565,LOGGI004112,192.168.15.44,201.74024271965027,0,857,67d8a_00038
-75.21495819091797,62.068275451660156,-75.48859264373779,-22.12079620361328,-155.83514404296875,False,,,858,df56d049a1394f4ea8c390780f417f3f,2021-06-07_09-45-08,1623069908,0.21900057792663574,201.9592432975769,11565,LOGGI004112,192.168.15.44,201.9592432975769,0,858,67d8a_00038
-75.19185638427734,62.068275451660156,-76.52143280029297,-22.12079620361328,-155.83514404296875,False,,,859,df56d049a1394f4ea8c390780f417f3f,2021-06-07_09-45-09,1623069909,0.23955106735229492,202.1987943649292,11565,LOGGI004112,192.168.15.44,202.1987943649292,0,859,67d8a_00038
-75.17030334472656,62.068275451660156,-75.6101728439331,-22.12079620361328,-155.83514404296875,False,,,860,df56d049a1394f4ea8c390780f417f3f,2021-06-07_09-45-09,1623069909,0.21430087089538574,202.41309523582458,11565,LOGGI004112,192.168.15.44,202.41309523582458,0,860,67d8a_00038
-75.14484405517578,62.068275451660156,-74.6275313949585,-36.36398696899414,-155.83514404296875,False,,,861,df56d049a1394f4ea8c390780f417f3f,2021-06-07_09-45-09,1623069909,0.204833984375,202.61792922019958,11565,LOGGI004112,192.168.15.44,202.61792922019958,0,861,67d8a_00038
-75.11727905273438,62.068275451660156,-74.1513981628418,-36.36398696899414,-155.83514404296875,False,,,862,df56d049a1394f4ea8c390780f417f3f,2021-06-07_09-45-09,1623069909,0.23309636116027832,202.85102558135986,11565,LOGGI004112,192.168.15.44,202.85102558135986,0,862,67d8a_00038
-75.09967041015625,62.068275451660156,-73.47037967681885,-36.36398696899414,-155.83514404296875,False,,,863,df56d049a1394f4ea8c390780f417f3f,2021-06-07_09-45-10,1623069910,0.36853694915771484,203.21956253051758,11565,LOGGI004112,192.168.15.44,203.21956253051758,0,863,67d8a_00038
-75.07160949707031,62.068275451660156,-73.79882724761963,-36.36398696899414,-155.83514404296875,False,,,864,df56d049a1394f4ea8c390780f417f3f,2021-06-07_09-45-10,1623069910,0.24634861946105957,203.46591114997864,11565,LOGGI004112,192.168.15.44,203.46591114997864,0,864,67d8a_00038
-75.03590393066406,62.068275451660156,-72.79021419525147,-36.36398696899414,-155.83514404296875,False,,,865,df56d049a1394f4ea8c390780f417f3f,2021-06-07_09-45-10,1623069910,0.22890281677246094,203.6948139667511,11565,LOGGI004112,192.168.15.44,203.6948139667511,0,865,67d8a_00038
-75.0116195678711,62.068275451660156,-73.84049777984619,-36.36398696899414,-155.83514404296875,False,,,866,df56d049a1394f4ea8c390780f417f3f,2021-06-07_09-45-10,1623069910,0.34546852111816406,204.04028248786926,11565,LOGGI004112,192.168.15.44,204.04028248786926,0,866,67d8a_00038
-74.9810791015625,62.068275451660156,-73.4207328414917,-42.24688720703125,-141.96434020996094,False,,,867,df56d049a1394f4ea8c390780f417f3f,2021-06-07_09-45-11,1623069911,0.21828484535217285,204.25856733322144,11565,LOGGI004112,192.168.15.44,204.25856733322144,0,867,67d8a_00038
-74.96009826660156,62.068275451660156,-72.36388961791992,-34.18152618408203,-141.96434020996094,False,,,868,df56d049a1394f4ea8c390780f417f3f,2021-06-07_09-45-11,1623069911,0.251115083694458,204.5096824169159,11565,LOGGI004112,192.168.15.44,204.5096824169159,0,868,67d8a_00038
-74.93932342529297,62.068275451660156,-72.36379302978516,-34.18152618408203,-141.96434020996094,False,,,869,df56d049a1394f4ea8c390780f417f3f,2021-06-07_09-45-11,1623069911,0.24272966384887695,204.75241208076477,11565,LOGGI004112,192.168.15.44,204.75241208076477,0,869,67d8a_00038
-74.92353820800781,62.068275451660156,-72.65553066253662,-34.18152618408203,-141.96434020996094,False,,,870,df56d049a1394f4ea8c390780f417f3f,2021-06-07_09-45-12,1623069912,0.366121768951416,205.1185338497162,11565,LOGGI004112,192.168.15.44,205.1185338497162,0,870,67d8a_00038
-74.91490173339844,62.068275451660156,-72.88756675720215,-34.18152618408203,-141.96434020996094,False,,,871,df56d049a1394f4ea8c390780f417f3f,2021-06-07_09-45-12,1623069912,0.24796247482299805,205.36649632453918,11565,LOGGI004112,192.168.15.44,205.36649632453918,0,871,67d8a_00038
-74.8865737915039,62.068275451660156,-73.19669643402099,-34.18152618408203,-141.96434020996094,False,,,872,df56d049a1394f4ea8c390780f417f3f,2021-06-07_09-45-12,1623069912,0.2532930374145508,205.61978936195374,11565,LOGGI004112,192.168.15.44,205.61978936195374,0,872,67d8a_00038
-74.86849975585938,62.068275451660156,-74.24494548797607,-34.18152618408203,-141.96434020996094,False,,,873,df56d049a1394f4ea8c390780f417f3f,2021-06-07_09-45-12,1623069912,0.26343584060668945,205.88322520256042,11565,LOGGI004112,192.168.15.44,205.88322520256042,0,873,67d8a_00038
-74.85316467285156,62.068275451660156,-73.01147792816163,-30.83385467529297,-130.5688018798828,False,,,874,df56d049a1394f4ea8c390780f417f3f,2021-06-07_09-45-13,1623069913,0.25325727462768555,206.1364824771881,11565,LOGGI004112,192.168.15.44,206.1364824771881,0,874,67d8a_00038
-74.83538818359375,62.068275451660156,-73.03580284118652,-30.83385467529297,-130.5688018798828,False,,,875,df56d049a1394f4ea8c390780f417f3f,2021-06-07_09-45-13,1623069913,0.2548556327819824,206.3913381099701,11565,LOGGI004112,192.168.15.44,206.3913381099701,0,875,67d8a_00038
-74.8211669921875,62.068275451660156,-72.51804565429687,-30.83385467529297,-130.5688018798828,False,,,876,df56d049a1394f4ea8c390780f417f3f,2021-06-07_09-45-13,1623069913,0.2619752883911133,206.6533133983612,11565,LOGGI004112,192.168.15.44,206.6533133983612,0,876,67d8a_00038
-74.79108428955078,62.068275451660156,-71.81039577484131,-30.83385467529297,-130.5688018798828,False,,,877,df56d049a1394f4ea8c390780f417f3f,2021-06-07_09-45-13,1623069913,0.254854679107666,206.90816807746887,11565,LOGGI004112,192.168.15.44,206.90816807746887,0,877,67d8a_00038
-74.77733612060547,62.068275451660156,-71.91040225982665,-30.83385467529297,-130.5688018798828,False,,,878,df56d049a1394f4ea8c390780f417f3f,2021-06-07_09-45-14,1623069914,0.2264232635498047,207.13459134101868,11565,LOGGI004112,192.168.15.44,207.13459134101868,0,878,67d8a_00038
-74.7451171875,62.068275451660156,-72.54638450622559,-30.83385467529297,-121.60621643066406,False,,,879,df56d049a1394f4ea8c390780f417f3f,2021-06-07_09-45-14,1623069914,0.2569584846496582,207.39154982566833,11565,LOGGI004112,192.168.15.44,207.39154982566833,0,879,67d8a_00038
-74.72012329101562,62.068275451660156,-72.76278533935547,-30.83385467529297,-121.60621643066406,False,,,880,df56d049a1394f4ea8c390780f417f3f,2021-06-07_09-45-14,1623069914,0.2486402988433838,207.64019012451172,11565,LOGGI004112,192.168.15.44,207.64019012451172,0,880,67d8a_00038
-74.69315338134766,62.068275451660156,-72.77918601989747,-30.83385467529297,-121.60621643066406,False,,,881,df56d049a1394f4ea8c390780f417f3f,2021-06-07_09-45-15,1623069915,0.2639584541320801,207.9041485786438,11565,LOGGI004112,192.168.15.44,207.9041485786438,0,881,67d8a_00038
-74.66600036621094,62.068275451660156,-73.34254875183106,-30.83385467529297,-121.4404525756836,False,,,882,df56d049a1394f4ea8c390780f417f3f,2021-06-07_09-45-15,1623069915,0.17716121673583984,208.08130979537964,11565,LOGGI004112,192.168.15.44,208.08130979537964,0,882,67d8a_00038
-74.64491271972656,62.068275451660156,-72.26113288879395,-26.268768310546875,-121.4404525756836,False,,,883,df56d049a1394f4ea8c390780f417f3f,2021-06-07_09-45-15,1623069915,0.19659733772277832,208.27790713310242,11565,LOGGI004112,192.168.15.44,208.27790713310242,0,883,67d8a_00038
-74.62553405761719,62.068275451660156,-72.93954605102539,-26.268768310546875,-122.03534698486328,False,,,884,df56d049a1394f4ea8c390780f417f3f,2021-06-07_09-45-15,1623069915,0.2556498050689697,208.5335569381714,11565,LOGGI004112,192.168.15.44,208.5335569381714,0,884,67d8a_00038
-74.60232543945312,62.068275451660156,-72.85186660766601,-26.268768310546875,-122.03534698486328,False,,,885,df56d049a1394f4ea8c390780f417f3f,2021-06-07_09-45-15,1623069915,0.2054462432861328,208.73900318145752,11565,LOGGI004112,192.168.15.44,208.73900318145752,0,885,67d8a_00038
-74.586181640625,62.068275451660156,-73.02997066497802,-26.268768310546875,-122.03534698486328,False,,,886,df56d049a1394f4ea8c390780f417f3f,2021-06-07_09-45-16,1623069916,0.15790486335754395,208.89690804481506,11565,LOGGI004112,192.168.15.44,208.89690804481506,0,886,67d8a_00038
-74.5633544921875,62.068275451660156,-74.63592258453369,-26.268768310546875,-143.82464599609375,False,,,887,df56d049a1394f4ea8c390780f417f3f,2021-06-07_09-45-16,1623069916,0.17159342765808105,209.06850147247314,11565,LOGGI004112,192.168.15.44,209.06850147247314,0,887,67d8a_00038
-74.5476303100586,62.068275451660156,-74.80929149627686,-26.268768310546875,-143.82464599609375,False,,,888,df56d049a1394f4ea8c390780f417f3f,2021-06-07_09-45-16,1623069916,0.18877649307250977,209.25727796554565,11565,LOGGI004112,192.168.15.44,209.25727796554565,0,888,67d8a_00038
-74.52937316894531,62.068275451660156,-73.50173698425293,-26.268768310546875,-143.82464599609375,False,,,889,df56d049a1394f4ea8c390780f417f3f,2021-06-07_09-45-16,1623069916,0.2143230438232422,209.4716010093689,11565,LOGGI004112,192.168.15.44,209.4716010093689,0,889,67d8a_00038
-74.50065612792969,62.068275451660156,-75.05650245666504,-26.268768310546875,-143.82464599609375,False,,,890,df56d049a1394f4ea8c390780f417f3f,2021-06-07_09-45-16,1623069916,0.18602585792541504,209.6576268672943,11565,LOGGI004112,192.168.15.44,209.6576268672943,0,890,67d8a_00038
-74.47713470458984,62.068275451660156,-75.31857318878174,-26.268768310546875,-143.82464599609375,False,,,891,df56d049a1394f4ea8c390780f417f3f,2021-06-07_09-45-17,1623069917,0.19386911392211914,209.85149598121643,11565,LOGGI004112,192.168.15.44,209.85149598121643,0,891,67d8a_00038
-74.45104217529297,62.068275451660156,-75.52448493957519,-26.268768310546875,-143.82464599609375,False,,,892,df56d049a1394f4ea8c390780f417f3f,2021-06-07_09-45-17,1623069917,0.17771697044372559,210.02921295166016,11565,LOGGI004112,192.168.15.44,210.02921295166016,0,892,67d8a_00038
-74.42894744873047,62.068275451660156,-77.46691299438477,-37.681419372558594,-143.82464599609375,False,,,893,df56d049a1394f4ea8c390780f417f3f,2021-06-07_09-45-17,1623069917,0.18924546241760254,210.21845841407776,11565,LOGGI004112,192.168.15.44,210.21845841407776,0,893,67d8a_00038
-74.41201782226562,62.068275451660156,-76.64827869415284,-37.681419372558594,-143.82464599609375,False,,,894,df56d049a1394f4ea8c390780f417f3f,2021-06-07_09-45-17,1623069917,0.3900792598724365,210.6085376739502,11565,LOGGI004112,192.168.15.44,210.6085376739502,0,894,67d8a_00038
-74.39393615722656,62.068275451660156,-76.69520343780518,-37.681419372558594,-143.82464599609375,False,,,895,df56d049a1394f4ea8c390780f417f3f,2021-06-07_09-45-18,1623069918,0.19683384895324707,210.80537152290344,11565,LOGGI004112,192.168.15.44,210.80537152290344,0,895,67d8a_00038
-74.3840560913086,62.068275451660156,-76.4829730606079,-37.681419372558594,-143.82464599609375,False,,,896,df56d049a1394f4ea8c390780f417f3f,2021-06-07_09-45-18,1623069918,0.182234525680542,210.98760604858398,11565,LOGGI004112,192.168.15.44,210.98760604858398,0,896,67d8a_00038
-74.36665344238281,62.068275451660156,-74.49413593292236,-37.681419372558594,-126.82981872558594,False,,,897,df56d049a1394f4ea8c390780f417f3f,2021-06-07_09-45-18,1623069918,0.18967676162719727,211.17728281021118,11565,LOGGI004112,192.168.15.44,211.17728281021118,0,897,67d8a_00038
-74.34381866455078,62.068275451660156,-75.16519954681397,-37.681419372558594,-126.82981872558594,False,,,898,df56d049a1394f4ea8c390780f417f3f,2021-06-07_09-45-18,1623069918,0.19980406761169434,211.37708687782288,11565,LOGGI004112,192.168.15.44,211.37708687782288,0,898,67d8a_00038
-74.31890106201172,62.068275451660156,-75.56696605682373,-37.681419372558594,-126.82981872558594,False,,,899,df56d049a1394f4ea8c390780f417f3f,2021-06-07_09-45-18,1623069918,0.254697322845459,211.63178420066833,11565,LOGGI004112,192.168.15.44,211.63178420066833,0,899,67d8a_00038
-74.29893493652344,62.068275451660156,-73.28772253036499,-21.859872817993164,-127.61534118652344,False,,,900,df56d049a1394f4ea8c390780f417f3f,2021-06-07_09-45-19,1623069919,0.35314464569091797,211.98492884635925,11565,LOGGI004112,192.168.15.44,211.98492884635925,0,900,67d8a_00038
-74.27925872802734,62.068275451660156,-72.56606241226196,-21.859872817993164,-127.61534118652344,False,,,901,df56d049a1394f4ea8c390780f417f3f,2021-06-07_09-45-19,1623069919,0.26030921936035156,212.2452380657196,11565,LOGGI004112,192.168.15.44,212.2452380657196,0,901,67d8a_00038
-74.26651763916016,62.068275451660156,-70.5949614906311,-21.859872817993164,-127.61534118652344,False,,,902,df56d049a1394f4ea8c390780f417f3f,2021-06-07_09-45-19,1623069919,0.24807381629943848,212.49331188201904,11565,LOGGI004112,192.168.15.44,212.49331188201904,0,902,67d8a_00038
-74.24984741210938,62.068275451660156,-69.65867803573609,-21.859872817993164,-127.61534118652344,False,,,903,df56d049a1394f4ea8c390780f417f3f,2021-06-07_09-45-20,1623069920,0.23183631896972656,212.72514820098877,11565,LOGGI004112,192.168.15.44,212.72514820098877,0,903,67d8a_00038
-74.23810577392578,62.068275451660156,-70.52869630813599,-21.859872817993164,-127.61534118652344,False,,,904,df56d049a1394f4ea8c390780f417f3f,2021-06-07_09-45-20,1623069920,0.22476887702941895,212.9499170780182,11565,LOGGI004112,192.168.15.44,212.9499170780182,0,904,67d8a_00038
-74.22447967529297,62.068275451660156,-69.82237184524536,-21.859872817993164,-127.61534118652344,False,,,905,df56d049a1394f4ea8c390780f417f3f,2021-06-07_09-45-20,1623069920,0.23891186714172363,213.1888289451599,11565,LOGGI004112,192.168.15.44,213.1888289451599,0,905,67d8a_00038
-74.19452667236328,62.068275451660156,-70.39608339309693,-21.859872817993164,-127.61534118652344,False,,,906,df56d049a1394f4ea8c390780f417f3f,2021-06-07_09-45-20,1623069920,0.21275997161865234,213.40158891677856,11565,LOGGI004112,192.168.15.44,213.40158891677856,0,906,67d8a_00038
-74.16333770751953,62.068275451660156,-70.99716039657592,-21.859872817993164,-127.61534118652344,False,,,907,df56d049a1394f4ea8c390780f417f3f,2021-06-07_09-45-21,1623069921,0.27629876136779785,213.67788767814636,11565,LOGGI004112,192.168.15.44,213.67788767814636,0,907,67d8a_00038
-74.13883972167969,62.068275451660156,-71.05175119400025,-21.859872817993164,-127.61534118652344,False,,,908,df56d049a1394f4ea8c390780f417f3f,2021-06-07_09-45-21,1623069921,0.2581009864807129,213.93598866462708,11565,LOGGI004112,192.168.15.44,213.93598866462708,0,908,67d8a_00038
-74.10777282714844,62.068275451660156,-71.97322469711304,-21.859872817993164,-146.5487823486328,False,,,909,df56d049a1394f4ea8c390780f417f3f,2021-06-07_09-45-21,1623069921,0.2039048671722412,214.13989353179932,11565,LOGGI004112,192.168.15.44,214.13989353179932,0,909,67d8a_00038
-74.09343719482422,62.068275451660156,-72.37500438690185,-33.34324645996094,-146.5487823486328,False,,,910,df56d049a1394f4ea8c390780f417f3f,2021-06-07_09-45-21,1623069921,0.19112229347229004,214.3310158252716,11565,LOGGI004112,192.168.15.44,214.3310158252716,0,910,67d8a_00038
-74.07178497314453,62.068275451660156,-73.21077964782715,-33.34324645996094,-146.5487823486328,False,,,911,df56d049a1394f4ea8c390780f417f3f,2021-06-07_09-45-21,1623069921,0.17348718643188477,214.5045030117035,11565,LOGGI004112,192.168.15.44,214.5045030117035,0,911,67d8a_00038
-74.04523468017578,62.068275451660156,-74.39437229156493,-23.790252685546875,-146.5487823486328,False,,,912,df56d049a1394f4ea8c390780f417f3f,2021-06-07_09-45-22,1623069922,0.1768324375152588,214.68133544921875,11565,LOGGI004112,192.168.15.44,214.68133544921875,0,912,67d8a_00038
-74.01921081542969,62.068275451660156,-75.1642234802246,-23.790252685546875,-146.5487823486328,False,,,913,df56d049a1394f4ea8c390780f417f3f,2021-06-07_09-45-22,1623069922,0.21392250061035156,214.8952579498291,11565,LOGGI004112,192.168.15.44,214.8952579498291,0,913,67d8a_00038
-74.00592041015625,62.068275451660156,-74.72131450653076,-23.790252685546875,-154.7926483154297,False,,,914,df56d049a1394f4ea8c390780f417f3f,2021-06-07_09-45-22,1623069922,0.3339238166809082,215.22918176651,11565,LOGGI004112,192.168.15.44,215.22918176651,0,914,67d8a_00038
-73.99162292480469,62.068275451660156,-75.2948070526123,-23.790252685546875,-154.7926483154297,False,,,915,df56d049a1394f4ea8c390780f417f3f,2021-06-07_09-45-23,1623069923,0.3238809108734131,215.55306267738342,11565,LOGGI004112,192.168.15.44,215.55306267738342,0,915,67d8a_00038
-73.97499084472656,62.068275451660156,-74.29722106933593,-23.790252685546875,-154.7926483154297,False,,,916,df56d049a1394f4ea8c390780f417f3f,2021-06-07_09-45-23,1623069923,0.17976069450378418,215.7328233718872,11565,LOGGI004112,192.168.15.44,215.7328233718872,0,916,67d8a_00038
-73.95123291015625,62.068275451660156,-73.62059673309327,-23.790252685546875,-154.7926483154297,False,,,917,df56d049a1394f4ea8c390780f417f3f,2021-06-07_09-45-23,1623069923,0.18627595901489258,215.9190993309021,11565,LOGGI004112,192.168.15.44,215.9190993309021,0,917,67d8a_00038
-73.92289733886719,62.068275451660156,-73.12408969879151,-23.790252685546875,-154.7926483154297,False,,,918,df56d049a1394f4ea8c390780f417f3f,2021-06-07_09-45-23,1623069923,0.23924684524536133,216.15834617614746,11565,LOGGI004112,192.168.15.44,216.15834617614746,0,918,67d8a_00038
-73.90071105957031,62.068275451660156,-73.18807758331299,-23.790252685546875,-186.08102416992188,False,,,919,df56d049a1394f4ea8c390780f417f3f,2021-06-07_09-45-23,1623069923,0.18621158599853516,216.344557762146,11565,LOGGI004112,192.168.15.44,216.344557762146,0,919,67d8a_00038
-73.87675476074219,62.068275451660156,-73.95213272094726,-23.790252685546875,-186.08102416992188,False,,,920,df56d049a1394f4ea8c390780f417f3f,2021-06-07_09-45-24,1623069924,0.18216800689697266,216.52672576904297,11565,LOGGI004112,192.168.15.44,216.52672576904297,0,920,67d8a_00038
-73.84751892089844,62.068275451660156,-74.1420491027832,-23.790252685546875,-186.08102416992188,False,,,921,df56d049a1394f4ea8c390780f417f3f,2021-06-07_09-45-24,1623069924,0.18529319763183594,216.7120189666748,11565,LOGGI004112,192.168.15.44,216.7120189666748,0,921,67d8a_00038
-73.82643127441406,62.068275451660156,-74.19487949371337,-23.909011840820312,-186.08102416992188,False,,,922,df56d049a1394f4ea8c390780f417f3f,2021-06-07_09-45-24,1623069924,0.14873623847961426,216.86075520515442,11565,LOGGI004112,192.168.15.44,216.86075520515442,0,922,67d8a_00038
-73.81219482421875,62.068275451660156,-73.70807769775391,-23.909011840820312,-186.08102416992188,False,,,923,df56d049a1394f4ea8c390780f417f3f,2021-06-07_09-45-24,1623069924,0.19675707817077637,217.0575122833252,11565,LOGGI004112,192.168.15.44,217.0575122833252,0,923,67d8a_00038
-73.793701171875,62.068275451660156,-74.26860336303712,-23.909011840820312,-186.08102416992188,False,,,924,df56d049a1394f4ea8c390780f417f3f,2021-06-07_09-45-24,1623069924,0.1807258129119873,217.23823809623718,11565,LOGGI004112,192.168.15.44,217.23823809623718,0,924,67d8a_00038
-73.77658081054688,62.068275451660156,-76.60452499389649,-23.909011840820312,-186.08102416992188,False,,,925,df56d049a1394f4ea8c390780f417f3f,2021-06-07_09-45-24,1623069924,0.15793490409851074,217.3961730003357,11565,LOGGI004112,192.168.15.44,217.3961730003357,0,925,67d8a_00038
-73.75199127197266,62.068275451660156,-76.54893138885498,-32.930625915527344,-186.08102416992188,False,,,926,df56d049a1394f4ea8c390780f417f3f,2021-06-07_09-45-25,1623069925,0.14878344535827637,217.54495644569397,11565,LOGGI004112,192.168.15.44,217.54495644569397,0,926,67d8a_00038
-73.7250747680664,62.068275451660156,-76.91037860870361,-32.930625915527344,-186.08102416992188,False,,,927,df56d049a1394f4ea8c390780f417f3f,2021-06-07_09-45-25,1623069925,0.15847539901733398,217.7034318447113,11565,LOGGI004112,192.168.15.44,217.7034318447113,0,927,67d8a_00038
-73.72338104248047,62.068275451660156,-77.0722550201416,-32.930625915527344,-186.08102416992188,False,,,928,df56d049a1394f4ea8c390780f417f3f,2021-06-07_09-45-25,1623069925,0.2245347499847412,217.92796659469604,11565,LOGGI004112,192.168.15.44,217.92796659469604,0,928,67d8a_00038
-73.69985961914062,62.068275451660156,-76.05660606384278,-32.930625915527344,-165.1824951171875,False,,,929,df56d049a1394f4ea8c390780f417f3f,2021-06-07_09-45-25,1623069925,0.2588622570037842,218.18682885169983,11565,LOGGI004112,192.168.15.44,218.18682885169983,0,929,67d8a_00038
-73.67351531982422,62.068275451660156,-76.025453414917,-32.930625915527344,-165.1824951171875,False,,,930,df56d049a1394f4ea8c390780f417f3f,2021-06-07_09-45-26,1623069926,0.2115943431854248,218.39842319488525,11565,LOGGI004112,192.168.15.44,218.39842319488525,0,930,67d8a_00038
-73.65872192382812,62.068275451660156,-76.02163410186768,-32.930625915527344,-165.1824951171875,False,,,931,df56d049a1394f4ea8c390780f417f3f,2021-06-07_09-45-26,1623069926,0.20368385314941406,218.60210704803467,11565,LOGGI004112,192.168.15.44,218.60210704803467,0,931,67d8a_00038
-73.63548278808594,62.068275451660156,-76.28778774261474,-40.220882415771484,-165.1824951171875,False,,,932,df56d049a1394f4ea8c390780f417f3f,2021-06-07_09-45-26,1623069926,0.2109687328338623,218.81307578086853,11565,LOGGI004112,192.168.15.44,218.81307578086853,0,932,67d8a_00038
-73.6180419921875,62.068275451660156,-75.528112449646,-28.2979736328125,-165.1824951171875,False,,,933,df56d049a1394f4ea8c390780f417f3f,2021-06-07_09-45-26,1623069926,0.2702159881591797,219.0832917690277,11565,LOGGI004112,192.168.15.44,219.0832917690277,0,933,67d8a_00038
-73.59650421142578,62.068275451660156,-74.26274600982666,-28.2979736328125,-165.1824951171875,False,,,934,df56d049a1394f4ea8c390780f417f3f,2021-06-07_09-45-26,1623069926,0.23952388763427734,219.322815656662,11565,LOGGI004112,192.168.15.44,219.322815656662,0,934,67d8a_00038
-73.57821655273438,62.068275451660156,-72.2757279586792,-28.2979736328125,-165.07598876953125,False,,,935,df56d049a1394f4ea8c390780f417f3f,2021-06-07_09-45-27,1623069927,0.39498448371887207,219.71780014038086,11565,LOGGI004112,192.168.15.44,219.71780014038086,0,935,67d8a_00038
-73.55169677734375,62.068275451660156,-73.08923984527588,-28.2979736328125,-165.07598876953125,False,,,936,df56d049a1394f4ea8c390780f417f3f,2021-06-07_09-45-27,1623069927,0.2110764980316162,219.92887663841248,11565,LOGGI004112,192.168.15.44,219.92887663841248,0,936,67d8a_00038
-73.54542541503906,62.068275451660156,-72.26875732421875,-28.2979736328125,-165.07598876953125,False,,,937,df56d049a1394f4ea8c390780f417f3f,2021-06-07_09-45-27,1623069927,0.21338558197021484,220.1422622203827,11565,LOGGI004112,192.168.15.44,220.1422622203827,0,937,67d8a_00038
-73.52423858642578,62.068275451660156,-72.10013515472411,-28.2979736328125,-165.07598876953125,False,,,938,df56d049a1394f4ea8c390780f417f3f,2021-06-07_09-45-28,1623069928,0.2354269027709961,220.3776891231537,11565,LOGGI004112,192.168.15.44,220.3776891231537,0,938,67d8a_00038
-73.49406433105469,62.068275451660156,-73.96843200683594,-28.2979736328125,-165.07598876953125,False,,,939,df56d049a1394f4ea8c390780f417f3f,2021-06-07_09-45-28,1623069928,0.2731478214263916,220.65083694458008,11565,LOGGI004112,192.168.15.44,220.65083694458008,0,939,67d8a_00038
-73.47954559326172,62.068275451660156,-73.15153995513916,-28.2979736328125,-165.07598876953125,False,,,940,df56d049a1394f4ea8c390780f417f3f,2021-06-07_09-45-28,1623069928,0.3166162967681885,220.96745324134827,11565,LOGGI004112,192.168.15.44,220.96745324134827,0,940,67d8a_00038
-73.45452117919922,62.068275451660156,-72.48589389801026,-28.2979736328125,-163.22378540039062,False,,,941,df56d049a1394f4ea8c390780f417f3f,2021-06-07_09-45-28,1623069928,0.21141529083251953,221.1788685321808,11565,LOGGI004112,192.168.15.44,221.1788685321808,0,941,67d8a_00038
-73.43392181396484,62.068275451660156,-71.1354472732544,-28.2979736328125,-148.3162078857422,False,,,942,df56d049a1394f4ea8c390780f417f3f,2021-06-07_09-45-29,1623069929,0.2951521873474121,221.4740207195282,11565,LOGGI004112,192.168.15.44,221.4740207195282,0,942,67d8a_00038
-73.41646575927734,62.068275451660156,-70.6849501800537,-29.116779327392578,-148.3162078857422,False,,,943,df56d049a1394f4ea8c390780f417f3f,2021-06-07_09-45-29,1623069929,0.29041385650634766,221.76443457603455,11565,LOGGI004112,192.168.15.44,221.76443457603455,0,943,67d8a_00038
-73.3978042602539,62.068275451660156,-71.58897785186768,-29.116779327392578,-148.3162078857422,False,,,944,df56d049a1394f4ea8c390780f417f3f,2021-06-07_09-45-29,1623069929,0.26751279830932617,222.03194737434387,11565,LOGGI004112,192.168.15.44,222.03194737434387,0,944,67d8a_00038
-73.38249206542969,62.068275451660156,-71.90726451873779,-29.116779327392578,-148.3162078857422,False,,,945,df56d049a1394f4ea8c390780f417f3f,2021-06-07_09-45-30,1623069930,0.2693643569946289,222.3013117313385,11565,LOGGI004112,192.168.15.44,222.3013117313385,0,945,67d8a_00038
-73.36186218261719,62.068275451660156,-72.47297039031983,-29.116779327392578,-148.3162078857422,False,,,946,df56d049a1394f4ea8c390780f417f3f,2021-06-07_09-45-30,1623069930,0.4297211170196533,222.73103284835815,11565,LOGGI004112,192.168.15.44,222.73103284835815,0,946,67d8a_00038
-73.34065246582031,62.068275451660156,-74.20641529083252,-29.116779327392578,-148.3162078857422,False,,,947,df56d049a1394f4ea8c390780f417f3f,2021-06-07_09-45-31,1623069931,0.4252314567565918,223.15626430511475,11565,LOGGI004112,192.168.15.44,223.15626430511475,0,947,67d8a_00038
-73.3218765258789,62.068275451660156,-73.998681640625,-29.116779327392578,-148.3162078857422,False,,,948,df56d049a1394f4ea8c390780f417f3f,2021-06-07_09-45-31,1623069931,0.7116875648498535,223.8679518699646,11565,LOGGI004112,192.168.15.44,223.8679518699646,0,948,67d8a_00038
-73.31544494628906,62.068275451660156,-72.15526916503906,-29.116779327392578,-126.18438720703125,False,,,949,df56d049a1394f4ea8c390780f417f3f,2021-06-07_09-45-32,1623069932,0.4986600875854492,224.36661195755005,11565,LOGGI004112,192.168.15.44,224.36661195755005,0,949,67d8a_00038
-73.282470703125,62.068275451660156,-71.9277596282959,-29.116779327392578,-126.18438720703125,False,,,950,df56d049a1394f4ea8c390780f417f3f,2021-06-07_09-45-32,1623069932,0.3565809726715088,224.72319293022156,11565,LOGGI004112,192.168.15.44,224.72319293022156,0,950,67d8a_00038
-73.27159881591797,62.068275451660156,-70.74513633728027,-29.116779327392578,-126.18438720703125,False,,,951,df56d049a1394f4ea8c390780f417f3f,2021-06-07_09-45-33,1623069933,0.35642528533935547,225.0796182155609,11565,LOGGI004112,192.168.15.44,225.0796182155609,0,951,67d8a_00038
-73.24526977539062,62.068275451660156,-71.17180912017822,-29.116779327392578,-126.18438720703125,False,,,952,df56d049a1394f4ea8c390780f417f3f,2021-06-07_09-45-33,1623069933,0.37824153900146484,225.45785975456238,11565,LOGGI004112,192.168.15.44,225.45785975456238,0,952,67d8a_00038
-73.2329330444336,62.068275451660156,-70.79550659179688,-35.14730453491211,-126.18438720703125,False,,,953,df56d049a1394f4ea8c390780f417f3f,2021-06-07_09-45-33,1623069933,0.23212099075317383,225.68998074531555,11565,LOGGI004112,192.168.15.44,225.68998074531555,0,953,67d8a_00038
-73.21216583251953,62.068275451660156,-70.39183979034424,-35.14730453491211,-126.18438720703125,False,,,954,df56d049a1394f4ea8c390780f417f3f,2021-06-07_09-45-33,1623069933,0.180955171585083,225.87093591690063,11565,LOGGI004112,192.168.15.44,225.87093591690063,0,954,67d8a_00038
-73.2012939453125,62.068275451660156,-69.25794002532959,-35.14730453491211,-122.88465118408203,False,,,955,df56d049a1394f4ea8c390780f417f3f,2021-06-07_09-45-34,1623069934,0.20029234886169434,226.07122826576233,11565,LOGGI004112,192.168.15.44,226.07122826576233,0,955,67d8a_00038
-73.17188262939453,62.068275451660156,-68.76983573913574,-35.14730453491211,-122.88465118408203,False,,,956,df56d049a1394f4ea8c390780f417f3f,2021-06-07_09-45-34,1623069934,0.19637584686279297,226.26760411262512,11565,LOGGI004112,192.168.15.44,226.26760411262512,0,956,67d8a_00038
-73.15034484863281,62.068275451660156,-68.11259269714355,-35.14730453491211,-130.09710693359375,False,,,957,df56d049a1394f4ea8c390780f417f3f,2021-06-07_09-45-34,1623069934,0.22231149673461914,226.48991560935974,11565,LOGGI004112,192.168.15.44,226.48991560935974,0,957,67d8a_00038
-73.13198852539062,62.068275451660156,-68.70624504089355,-35.14730453491211,-130.09710693359375,False,,,958,df56d049a1394f4ea8c390780f417f3f,2021-06-07_09-45-34,1623069934,0.2093214988708496,226.6992371082306,11565,LOGGI004112,192.168.15.44,226.6992371082306,0,958,67d8a_00038
-73.1197509765625,62.068275451660156,-68.98488456726074,-35.14730453491211,-130.09710693359375,False,,,959,df56d049a1394f4ea8c390780f417f3f,2021-06-07_09-45-35,1623069935,0.31978511810302734,227.01902222633362,11565,LOGGI004112,192.168.15.44,227.01902222633362,0,959,67d8a_00038
-73.096923828125,62.068275451660156,-70.12105590820312,-35.14730453491211,-131.44931030273438,False,,,960,df56d049a1394f4ea8c390780f417f3f,2021-06-07_09-45-35,1623069935,0.2509796619415283,227.27000188827515,11565,LOGGI004112,192.168.15.44,227.27000188827515,0,960,67d8a_00038
-73.08300018310547,62.068275451660156,-71.48470516204834,-35.14730453491211,-131.44931030273438,False,,,961,df56d049a1394f4ea8c390780f417f3f,2021-06-07_09-45-35,1623069935,0.22445273399353027,227.49445462226868,11565,LOGGI004112,192.168.15.44,227.49445462226868,0,961,67d8a_00038
-73.07101440429688,62.068275451660156,-70.9647106552124,-34.547889709472656,-131.44931030273438,False,,,962,df56d049a1394f4ea8c390780f417f3f,2021-06-07_09-45-35,1623069935,0.2252178192138672,227.71967244148254,11565,LOGGI004112,192.168.15.44,227.71967244148254,0,962,67d8a_00038
-73.05384063720703,62.068275451660156,-73.51601119995117,-34.547889709472656,-137.08908081054688,False,,,963,df56d049a1394f4ea8c390780f417f3f,2021-06-07_09-45-36,1623069936,0.21498751640319824,227.93465995788574,11565,LOGGI004112,192.168.15.44,227.93465995788574,0,963,67d8a_00038
-73.03446960449219,62.068275451660156,-74.02378429412842,-34.547889709472656,-137.08908081054688,False,,,964,df56d049a1394f4ea8c390780f417f3f,2021-06-07_09-45-36,1623069936,0.24445772171020508,228.17911767959595,11565,LOGGI004112,192.168.15.44,228.17911767959595,0,964,67d8a_00038
-73.02118682861328,62.068275451660156,-74.23473804473878,-34.547889709472656,-137.08908081054688,False,,,965,df56d049a1394f4ea8c390780f417f3f,2021-06-07_09-45-36,1623069936,0.2658417224884033,228.44495940208435,11565,LOGGI004112,192.168.15.44,228.44495940208435,0,965,67d8a_00038
-72.997802734375,62.068275451660156,-74.33045669555663,-34.547889709472656,-137.08908081054688,False,,,966,df56d049a1394f4ea8c390780f417f3f,2021-06-07_09-45-36,1623069936,0.22017431259155273,228.6651337146759,11565,LOGGI004112,192.168.15.44,228.6651337146759,0,966,67d8a_00038
-72.9822006225586,62.068275451660156,-73.65160202026367,-34.547889709472656,-137.08908081054688,False,,,967,df56d049a1394f4ea8c390780f417f3f,2021-06-07_09-45-36,1623069936,0.21632719039916992,228.88146090507507,11565,LOGGI004112,192.168.15.44,228.88146090507507,0,967,67d8a_00038
-72.9549560546875,62.068275451660156,-74.19102653503418,-34.547889709472656,-137.08908081054688,False,,,968,df56d049a1394f4ea8c390780f417f3f,2021-06-07_09-45-37,1623069937,0.23089051246643066,229.1123514175415,11565,LOGGI004112,192.168.15.44,229.1123514175415,0,968,67d8a_00038
-72.93616485595703,62.068275451660156,-74.29966938018799,-34.547889709472656,-137.08908081054688,False,,,969,df56d049a1394f4ea8c390780f417f3f,2021-06-07_09-45-37,1623069937,0.21289443969726562,229.32524585723877,11565,LOGGI004112,192.168.15.44,229.32524585723877,0,969,67d8a_00038
-72.90586853027344,62.068275451660156,-74.22009532928467,-31.614173889160156,-137.08908081054688,False,,,970,df56d049a1394f4ea8c390780f417f3f,2021-06-07_09-45-37,1623069937,0.1977214813232422,229.522967338562,11565,LOGGI004112,192.168.15.44,229.522967338562,0,970,67d8a_00038
-72.88379669189453,62.068275451660156,-75.0532587814331,-31.614173889160156,-137.08908081054688,False,,,971,df56d049a1394f4ea8c390780f417f3f,2021-06-07_09-45-37,1623069937,0.1301126480102539,229.65307998657227,11565,LOGGI004112,192.168.15.44,229.65307998657227,0,971,67d8a_00038
-72.86593627929688,62.068275451660156,-75.35974277496338,-31.614173889160156,-137.08908081054688,False,,,972,df56d049a1394f4ea8c390780f417f3f,2021-06-07_09-45-37,1623069937,0.12310910224914551,229.7761890888214,11565,LOGGI004112,192.168.15.44,229.7761890888214,0,972,67d8a_00038
-72.85889434814453,62.068275451660156,-74.64012535095215,-31.614173889160156,-126.60002136230469,False,,,973,df56d049a1394f4ea8c390780f417f3f,2021-06-07_09-45-38,1623069938,0.14853906631469727,229.9247281551361,11565,LOGGI004112,192.168.15.44,229.9247281551361,0,973,67d8a_00038
-72.8437271118164,62.068275451660156,-74.53718280792236,-31.614173889160156,-126.23594665527344,False,,,974,df56d049a1394f4ea8c390780f417f3f,2021-06-07_09-45-38,1623069938,0.21867084503173828,230.14339900016785,11565,LOGGI004112,192.168.15.44,230.14339900016785,0,974,67d8a_00038
-72.82540130615234,62.068275451660156,-74.15154838562012,-31.614173889160156,-126.23594665527344,False,,,975,df56d049a1394f4ea8c390780f417f3f,2021-06-07_09-45-38,1623069938,0.20063328742980957,230.34403228759766,11565,LOGGI004112,192.168.15.44,230.34403228759766,0,975,67d8a_00038
-72.80643463134766,62.068275451660156,-73.52012439727783,-31.614173889160156,-126.23594665527344,False,,,976,df56d049a1394f4ea8c390780f417f3f,2021-06-07_09-45-38,1623069938,0.16376137733459473,230.50779366493225,11565,LOGGI004112,192.168.15.44,230.50779366493225,0,976,67d8a_00038
-72.78826141357422,62.068275451660156,-74.81557502746583,-31.614173889160156,-150.4450225830078,False,,,977,df56d049a1394f4ea8c390780f417f3f,2021-06-07_09-45-38,1623069938,0.19359636306762695,230.70139002799988,11565,LOGGI004112,192.168.15.44,230.70139002799988,0,977,67d8a_00038
-72.76705932617188,62.068275451660156,-73.31336227416992,-31.614173889160156,-150.4450225830078,False,,,978,df56d049a1394f4ea8c390780f417f3f,2021-06-07_09-45-39,1623069939,0.22081756591796875,230.92220759391785,11565,LOGGI004112,192.168.15.44,230.92220759391785,0,978,67d8a_00038
-72.75918579101562,62.068275451660156,-73.15605121612549,-31.614173889160156,-150.4450225830078,False,,,979,df56d049a1394f4ea8c390780f417f3f,2021-06-07_09-45-39,1623069939,0.2149949073791504,231.137202501297,11565,LOGGI004112,192.168.15.44,231.137202501297,0,979,67d8a_00038
-72.7448501586914,62.068275451660156,-72.55288299560547,-36.2988166809082,-150.4450225830078,False,,,980,df56d049a1394f4ea8c390780f417f3f,2021-06-07_09-45-39,1623069939,0.2222440242767334,231.35944652557373,11565,LOGGI004112,192.168.15.44,231.35944652557373,0,980,67d8a_00038
-72.72583770751953,62.068275451660156,-71.84824405670166,-36.2988166809082,-150.4450225830078,False,,,981,df56d049a1394f4ea8c390780f417f3f,2021-06-07_09-45-39,1623069939,0.25269222259521484,231.61213874816895,11565,LOGGI004112,192.168.15.44,231.61213874816895,0,981,67d8a_00038
-72.69937896728516,62.068275451660156,-73.56224452972413,-35.63689422607422,-150.4450225830078,False,,,982,df56d049a1394f4ea8c390780f417f3f,2021-06-07_09-45-40,1623069940,0.21575355529785156,231.8278923034668,11565,LOGGI004112,192.168.15.44,231.8278923034668,0,982,67d8a_00038
-72.67418670654297,62.068275451660156,-74.33388172149658,-35.63689422607422,-150.4450225830078,False,,,983,df56d049a1394f4ea8c390780f417f3f,2021-06-07_09-45-40,1623069940,0.22150278091430664,232.0493950843811,11565,LOGGI004112,192.168.15.44,232.0493950843811,0,983,67d8a_00038
-72.64868927001953,62.068275451660156,-74.31547618865967,-35.63689422607422,-150.4450225830078,False,,,984,df56d049a1394f4ea8c390780f417f3f,2021-06-07_09-45-40,1623069940,0.1938326358795166,232.24322772026062,11565,LOGGI004112,192.168.15.44,232.24322772026062,0,984,67d8a_00038
-72.6299819946289,62.068275451660156,-75.3748161315918,-35.63689422607422,-150.4450225830078,False,,,985,df56d049a1394f4ea8c390780f417f3f,2021-06-07_09-45-40,1623069940,0.22000646591186523,232.46323418617249,11565,LOGGI004112,192.168.15.44,232.46323418617249,0,985,67d8a_00038
-72.612060546875,62.068275451660156,-74.71764083862304,-35.63689422607422,-150.4450225830078,False,,,986,df56d049a1394f4ea8c390780f417f3f,2021-06-07_09-45-40,1623069940,0.17207121849060059,232.6353054046631,11565,LOGGI004112,192.168.15.44,232.6353054046631,0,986,67d8a_00038
-72.60261535644531,62.068275451660156,-72.98658626556397,-35.63689422607422,-144.59571838378906,False,,,987,df56d049a1394f4ea8c390780f417f3f,2021-06-07_09-45-41,1623069941,0.20109844207763672,232.83640384674072,11565,LOGGI004112,192.168.15.44,232.83640384674072,0,987,67d8a_00038
-72.58257293701172,62.068275451660156,-73.6319450378418,-35.63689422607422,-144.59571838378906,False,,,988,df56d049a1394f4ea8c390780f417f3f,2021-06-07_09-45-41,1623069941,0.21858882904052734,233.05499267578125,11565,LOGGI004112,192.168.15.44,233.05499267578125,0,988,67d8a_00038
-72.57456970214844,62.068275451660156,-72.50010585784912,-35.63689422607422,-144.59571838378906,False,,,989,df56d049a1394f4ea8c390780f417f3f,2021-06-07_09-45-41,1623069941,0.25694966316223145,233.31194233894348,11565,LOGGI004112,192.168.15.44,233.31194233894348,0,989,67d8a_00038
-72.54833984375,62.068275451660156,-72.04872165679932,-35.63689422607422,-144.59571838378906,False,,,990,df56d049a1394f4ea8c390780f417f3f,2021-06-07_09-45-41,1623069941,0.3063161373138428,233.61825847625732,11565,LOGGI004112,192.168.15.44,233.61825847625732,0,990,67d8a_00038
-72.53043365478516,62.068275451660156,-71.86800498962403,-35.342369079589844,-144.59571838378906,False,,,991,df56d049a1394f4ea8c390780f417f3f,2021-06-07_09-45-42,1623069942,0.30703163146972656,233.92529010772705,11565,LOGGI004112,192.168.15.44,233.92529010772705,0,991,67d8a_00038
-72.50884246826172,62.068275451660156,-70.49309623718261,-35.342369079589844,-134.23692321777344,False,,,992,df56d049a1394f4ea8c390780f417f3f,2021-06-07_09-45-42,1623069942,0.2482757568359375,234.173565864563,11565,LOGGI004112,192.168.15.44,234.173565864563,0,992,67d8a_00038
-72.498779296875,62.068275451660156,-69.54574100494385,-35.342369079589844,-124.15965270996094,False,,,993,df56d049a1394f4ea8c390780f417f3f,2021-06-07_09-45-42,1623069942,0.23116636276245117,234.40473222732544,11565,LOGGI004112,192.168.15.44,234.40473222732544,0,993,67d8a_00038
-72.46495819091797,62.068275451660156,-71.92479095458984,-35.342369079589844,-241.58175659179688,False,,,994,df56d049a1394f4ea8c390780f417f3f,2021-06-07_09-45-42,1623069942,0.2123711109161377,234.61710333824158,11565,LOGGI004112,192.168.15.44,234.61710333824158,0,994,67d8a_00038
-72.44622802734375,62.068275451660156,-71.45505168914795,-33.90375518798828,-241.58175659179688,False,,,995,df56d049a1394f4ea8c390780f417f3f,2021-06-07_09-45-43,1623069943,0.2864692211151123,234.9035725593567,11565,LOGGI004112,192.168.15.44,234.9035725593567,0,995,67d8a_00038
-72.44024658203125,62.068275451660156,-72.0543238067627,-33.90375518798828,-241.58175659179688,False,,,996,df56d049a1394f4ea8c390780f417f3f,2021-06-07_09-45-43,1623069943,0.26735997200012207,235.1709325313568,11565,LOGGI004112,192.168.15.44,235.1709325313568,0,996,67d8a_00038
-72.41819763183594,62.068275451660156,-73.04854988098144,-33.90375518798828,-241.58175659179688,False,,,997,df56d049a1394f4ea8c390780f417f3f,2021-06-07_09-45-43,1623069943,0.24533605575561523,235.41626858711243,11565,LOGGI004112,192.168.15.44,235.41626858711243,0,997,67d8a_00038
-72.4005355834961,62.068275451660156,-72.49476428985595,-33.90375518798828,-241.58175659179688,False,,,998,df56d049a1394f4ea8c390780f417f3f,2021-06-07_09-45-43,1623069943,0.2473762035369873,235.6636447906494,11565,LOGGI004112,192.168.15.44,235.6636447906494,0,998,67d8a_00038
-72.39566040039062,62.068275451660156,-72.49528789520264,-33.90375518798828,-241.58175659179688,False,,,999,df56d049a1394f4ea8c390780f417f3f,2021-06-07_09-45-44,1623069944,0.21618962287902832,235.87983441352844,11565,LOGGI004112,192.168.15.44,235.87983441352844,0,999,67d8a_00038
-72.37712097167969,62.068275451660156,-73.36953336715698,-28.300397872924805,-241.58175659179688,True,,,1000,df56d049a1394f4ea8c390780f417f3f,2021-06-07_09-45-44,1623069944,0.22145891189575195,236.1012933254242,11565,LOGGI004112,192.168.15.44,236.1012933254242,0,1000,67d8a_00038
